0.0000000 0.9056237
0.0500501 0.6414216
0.1001001 1.0470281
0.1501502 1.1080130
0.2002002 0.8325437
0.2502503 1.3936181
0.3003003 1.4606747
0.3503504 1.2806015
0.4004004 1.4734303
0.4504505 1.5868470
0.5005005 1.6996815
0.5505506 2.1518985
0.6006006 2.2026454
0.6506507 3.2559586
0.7007007 3.3207382
0.7507508 3.9923778
0.8008008 4.5963128
0.8508509 4.2742428
0.9009009 3.7712925
0.9509510 3.0845354
1.0010010 2.8916240
1.0510511 2.2025516
1.1011011 2.4040550
1.1511512 2.4234944
1.2012012 1.7905433
1.2512513 2.0410675
1.3013013 2.0728472
1.3513514 1.4254412
1.4014014 1.4588280
1.4514515 1.9233241
1.5015015 1.7631353
1.5515516 2.0808122
1.6016016 2.2195185
1.6516517 2.3434639
1.7017017 2.6546588
1.7517518 2.7414306
1.8018018 3.1023924
1.8518519 2.8158234
1.9019019 3.2334061
1.9519520 3.2197884
2.0020020 2.7622788
2.0520521 2.9222347
2.1021021 2.3577424
2.1521522 2.6359645
2.2022022 1.9273287
2.2522523 2.0342346
2.3023023 1.8192977
2.3523524 1.4543868
2.4024024 1.0926161
2.4524525 1.4865771
2.5025025 1.2318370
2.5525526 1.5566720
2.6026026 1.5197406
2.6526527 1.7799913
2.7027027 1.5569303
2.7527528 1.3206990
2.8028028 1.5945057
2.8528529 1.3607840
2.9029029 1.6674660
2.9529530 1.7758850
3.0030030 1.9270613
3.0530531 2.0240921
3.1031031 2.5184929
3.1531532 2.0594197
3.2032032 2.7201194
3.2532533 2.9074478
3.3033033 2.8539162
3.3533534 2.7063280
3.4034034 2.4154732
3.4534535 2.3627306
3.5035035 2.1570440
3.5535536 1.8175623
3.6036036 1.6574557
3.6536537 1.5669054
3.7037037 1.2239888
3.7537538 1.4291792
3.8038038 1.4581391
3.8538539 1.4688135
3.9039039 1.6972706
3.9539540 1.3013558
4.0040040 1.5223073
4.0540541 1.5815159
4.1041041 1.6455313
4.1541542 1.2687634
4.2042042 1.5876062
4.2542543 1.6588923
4.3043043 1.4590641
4.3543544 1.5897530
4.4044044 2.0530540
4.4544545 1.8358653
4.5045045 1.9699015
4.5545546 1.8913597
4.6046046 1.6890279
4.6546547 1.6366652
4.7047047 1.7725747
4.7547548 1.3813453
4.8048048 1.6749694
4.8548549 1.5522663
4.9049049 1.1824290
4.9549550 1.2481873
5.0050050 1.0023227
5.0550551 0.7468762
5.1051051 1.4185811
5.1551552 1.0758724
5.2052052 1.2553164
5.2552553 1.2386834
5.3053053 1.2045351
5.3553554 1.0011170
5.4054054 1.0411989
5.4554555 1.2000657
5.5055055 1.0612074
5.5555556 1.1289456
5.6056056 1.7167368
5.6556557 1.4349768
5.7057057 1.1698854
5.7557558 1.4199211
5.8058058 1.1554121
5.8558559 1.0613104
5.9059059 1.2393448
5.9559560 1.4376716
6.0060060 1.1894007
6.0560561 1.2387916
6.1061061 0.7801783
6.1561562 0.8804273
6.2062062 0.8766626
6.2562563 0.6292786
6.3063063 0.5728954
6.3563564 1.0371262
6.4064064 0.8155773
6.4564565 0.6571577
6.5065065 0.9638212
6.5565566 0.8337766
6.6066066 0.5674561
6.6566567 1.0806936
6.7067067 0.8614553
6.7567568 1.1356897
6.8068068 1.0809457
6.8568569 0.7079395
6.9069069 0.6047485
6.9569570 0.9047871
7.0070070 0.8868406
7.0570571 0.8165237
7.1071071 1.1527719
7.1571572 1.4124963
7.2072072 1.0095064
7.2572573 0.9795127
7.3073073 1.1378007
7.3573574 1.3532637
7.4074074 1.0283615
7.4574575 0.9485689
7.5075075 1.1722392
7.5575576 1.1662780
7.6076076 1.2656660
7.6576577 1.0086555
7.7077077 1.0861423
7.7577578 1.0069388
7.8078078 1.0711382
7.8578579 1.4141949
7.9079079 0.9421052
7.9579580 0.7799425
8.0080080 1.1798465
8.0580581 0.8873892
8.1081081 1.1022755
8.1581582 0.9692745
8.2082082 1.2352648
8.2582583 1.2503060
8.3083083 1.0936998
8.3583584 0.6939277
8.4084084 1.1691770
8.4584585 1.4791922
8.5085085 1.3384139
8.5585586 0.7498451
8.6086086 1.0511021
8.6586587 0.8899842
8.7087087 0.7841674
8.7587588 0.7074988
8.8088088 1.0103028
8.8588589 0.8264328
8.9089089 0.9080475
8.9589590 0.7947573
9.0090090 0.7563059
9.0590591 0.9250923
9.1091091 0.9931164
9.1591592 1.2886977
9.2092092 0.5288452
9.2592593 0.6022606
9.3093093 1.0552588
9.3593594 0.7500031
9.4094094 0.5423043
9.4594595 0.9230440
9.5095095 1.2049298
9.5595596 1.0329216
9.6096096 1.3176961
9.6596597 1.0116908
9.7097097 1.3172735
9.7597598 0.8422719
9.8098098 0.6701554
9.8598599 0.8713910
9.9099099 1.1720497
9.9599600 0.6604537
10.0100100 1.0316096
10.0600601 0.7490457
10.1101101 0.9868764
10.1601602 0.6129352
10.2102102 0.8585472
10.2602603 0.3904834
10.3103103 0.7098603
10.3603604 0.9096622
10.4104104 0.7321540
10.4604605 1.0672411
10.5105105 0.6567942
10.5605606 0.2858858
10.6106106 0.5244278
10.6606607 1.0242690
10.7107107 0.7703974
10.7607608 0.8787510
10.8108108 1.0020650
10.8608609 0.3320007
10.9109109 0.6505320
10.9609610 0.6316692
11.0110110 0.5547420
11.0610611 0.7261371
11.1111111 1.0844113
11.1611612 0.7290310
11.2112112 0.9888124
11.2612613 0.5520548
11.3113113 0.6884798
11.3613614 0.4993877
11.4114114 0.7825253
11.4614615 0.5851763
11.5115115 0.7317428
11.5615616 0.7614104
11.6116116 0.5889180
11.6616617 0.7921282
11.7117117 1.0958171
11.7617618 0.7019549
11.8118118 0.5819805
11.8618619 0.7822496
11.9119119 0.5949208
11.9619620 0.3418698
12.0120120 0.6907590
12.0620621 0.5855936
12.1121121 0.5283592
12.1621622 0.8687842
12.2122122 0.9978790
12.2622623 0.4773902
12.3123123 0.6128143
12.3623624 0.4114793
12.4124124 0.7321153
12.4624625 0.0623014
12.5125125 0.7875116
12.5625626 0.6115285
12.6126126 0.6124422
12.6626627 0.8113249
12.7127127 0.4778489
12.7627628 0.5002056
12.8128128 0.2440800
12.8628629 0.1511007
12.9129129 0.3542883
12.9629630 0.5638606
13.0130130 0.3804415
13.0630631 0.2047239
13.1131131 0.7280881
13.1631632 0.3382949
13.2132132 0.4919952
13.2632633 0.4962198
13.3133133 0.4449738
13.3633634 0.5898616
13.4134134 0.4504788
13.4634635 0.1503980
13.5135135 0.2947334
13.5635636 0.5782333
13.6136136 0.2569134
13.6636637 0.4608522
13.7137137 0.3361237
13.7637638 0.2893082
13.8138138 0.3258069
13.8638639 0.4628353
13.9139139 0.5890379
13.9639640 0.5253343
14.0140140 0.7813113
14.0640641 0.4931999
14.1141141 0.2125591
14.1641642 0.5422290
14.2142142 0.5518756
14.2642643 0.6014980
14.3143143 0.6377121
14.3643644 0.8039442
14.4144144 0.4022903
14.4644645 0.5757526
14.5145145 0.5133289
14.5645646 0.3872331
14.6146146 0.9777676
14.6646647 0.4534149
14.7147147 0.2000451
14.7647648 0.8916077
14.8148148 0.5740409
14.8648649 0.2561303
14.9149149 0.6324739
14.9649650 0.7705388
15.0150150 0.2938838
15.0650651 0.5142812
15.1151151 0.4494426
15.1651652 0.2206059
15.2152152 0.7271249
15.2652653 0.4598216
15.3153153 0.5745270
15.3653654 0.2957203
15.4154154 0.3037545
15.4654655 0.5104833
15.5155155 0.4607537
15.5655656 0.8367451
15.6156156 0.3700811
15.6656657 0.9099991
15.7157157 0.7541284
15.7657658 -0.0010873
15.8158158 0.0554349
15.8658659 0.2962376
15.9159159 0.3805144
15.9659660 0.4230210
16.0160160 0.6039362
16.0660661 0.2641572
16.1161161 0.2647869
16.1661662 0.3787188
16.2162162 0.4184190
16.2662663 0.4837817
16.3163163 0.6535940
16.3663664 0.5577624
16.4164164 0.0392528
16.4664665 0.5720585
16.5165165 0.5953340
16.5665666 0.5551914
16.6166166 0.7000008
16.6666667 0.4831522
16.7167167 0.2624312
16.7667668 0.3740751
16.8168168 -0.1303159
16.8668669 0.5046131
16.9169169 0.4242270
16.9669670 0.2671236
17.0170170 0.2506314
17.0670671 0.1550638
17.1171171 0.3777374
17.1671672 0.4681237
17.2172172 0.3103348
17.2672673 0.2701928
17.3173173 0.3680038
17.3673674 0.3340272
17.4174174 0.1592889
17.4674675 0.6458149
17.5175175 0.4553614
17.5675676 0.6337147
17.6176176 0.2404929
17.6676677 0.0996837
17.7177177 0.5145546
17.7677678 0.3418911
17.8178178 0.1625309
17.8678679 0.3028225
17.9179179 -0.1210694
17.9679680 0.5489154
18.0180180 0.0938727
18.0680681 0.1536017
18.1181181 0.5923047
18.1681682 0.0983204
18.2182182 0.2036609
18.2682683 0.1807439
18.3183183 0.6424020
18.3683684 0.3048614
18.4184184 0.0498970
18.4684685 0.0392796
18.5185185 0.6624553
18.5685686 0.7058591
18.6186186 0.6394536
18.6686687 0.0084096
18.7187187 0.2356433
18.7687688 0.2386783
18.8188188 0.3490176
18.8688689 0.1568640
18.9189189 0.0681604
18.9689690 0.1836057
19.0190190 0.5166891
19.0690691 0.7976474
19.1191191 0.3292805
19.1691692 0.2202452
19.2192192 0.4305832
19.2692693 0.1701307
19.3193193 0.6818566
19.3693694 0.5159910
19.4194194 0.0057042
19.4694695 0.1264757
19.5195195 0.5643798
19.5695696 0.3557869
19.6196196 0.3562928
19.6696697 -0.1024181
19.7197197 0.3194763
19.7697698 0.4191496
19.8198198 0.1305266
19.8698699 0.0506971
19.9199199 0.2289837
19.9699700 0.0395758
20.0200200 0.2539827
20.0700701 0.3305049
20.1201201 0.5691217
20.1701702 0.3085334
20.2202202 0.1506836
20.2702703 0.6249561
20.3203203 0.4477375
20.3703704 0.3171263
20.4204204 0.4122054
20.4704705 0.1535214
20.5205205 0.4497439
20.5705706 0.3198737
20.6206206 0.3959118
20.6706707 0.0292198
20.7207207 0.5908824
20.7707708 0.3486841
20.8208208 -0.1663179
20.8708709 0.3525582
20.9209209 0.5261585
20.9709710 0.3855740
21.0210210 0.5456980
21.0710711 0.5306377
21.1211211 0.0425463
21.1711712 -0.2637325
21.2212212 0.6279428
21.2712713 0.3213606
21.3213213 0.2389760
21.3713714 0.1444322
21.4214214 -0.1033934
21.4714715 0.2782748
21.5215215 -0.0714112
21.5715716 0.0438553
21.6216216 0.1799534
21.6716717 0.3889146
21.7217217 0.3045007
21.7717718 -0.0724586
21.8218218 0.5429867
21.8718719 0.2254519
21.9219219 0.6250923
21.9719720 -0.0480214
22.0220220 0.0438269
22.0720721 0.0460772
22.1221221 0.1890845
22.1721722 -0.0016257
22.2222222 0.0003844
22.2722723 -0.3091370
22.3223223 0.0263902
22.3723724 0.2647979
22.4224224 0.1679860
22.4724725 0.1710139
22.5225225 0.1815801
22.5725726 0.2434018
22.6226226 0.0968265
22.6726727 0.0518691
22.7227227 0.3160651
22.7727728 0.1128086
22.8228228 0.2540319
22.8728729 -0.0059703
22.9229229 0.1707680
22.9729730 0.3642581
23.0230230 0.0066364
23.0730731 0.2302937
23.1231231 0.1473871
23.1731732 0.1813291
23.2232232 0.1183774
23.2732733 -0.2579294
23.3233233 0.1627458
23.3733734 0.4967076
23.4234234 0.3335176
23.4734735 0.1075767
23.5235235 0.0440528
23.5735736 0.2411447
23.6236236 0.1015702
23.6736737 0.0683149
23.7237237 0.1940292
23.7737738 0.4537706
23.8238238 -0.3713496
23.8738739 0.3042546
23.9239239 -0.0451361
23.9739740 0.3789379
24.0240240 -0.3578557
24.0740741 0.1202265
24.1241241 0.1797819
24.1741742 0.0725210
24.2242242 0.1189523
24.2742743 -0.1688092
24.3243243 -0.0863095
24.3743744 -0.0202045
24.4244244 0.2358369
24.4744745 0.0262864
24.5245245 0.4879885
24.5745746 0.1816095
24.6246246 -0.2567765
24.6746747 0.0492389
24.7247247 0.0048694
24.7747748 0.1685941
24.8248248 0.0969403
24.8748749 0.0833300
24.9249249 -0.0166185
24.9749750 0.1287113
25.0250250 -0.1728241
25.0750751 0.2753486
25.1251251 -0.1474084
25.1751752 -0.0033180
25.2252252 0.1088777
25.2752753 0.1946671
25.3253253 0.1236448
25.3753754 0.5194499
25.4254254 0.4939734
25.4754755 0.2766562
25.5255255 0.1599043
25.5755756 -0.0364420
25.6256256 0.0389852
25.6756757 -0.1672484
25.7257257 0.0576366
25.7757758 0.0364356
25.8258258 0.5210791
25.8758759 0.3031059
25.9259259 0.1527105
25.9759760 0.0743979
26.0260260 0.1560639
26.0760761 0.3048612
26.1261261 0.6254087
26.1761762 0.2083583
26.2262262 0.3250351
26.2762763 0.2845294
26.3263263 0.2569364
26.3763764 0.3540080
26.4264264 0.4097862
26.4764765 0.1441688
26.5265265 0.0654810
26.5765766 0.1829291
26.6266266 0.3503325
26.6766767 0.3975312
26.7267267 0.0131687
26.7767768 0.3298912
26.8268268 0.0925534
26.8768769 0.0560227
26.9269269 0.2466358
26.9769770 0.3310042
27.0270270 0.0023362
27.0770771 -0.2011174
27.1271271 0.1139375
27.1771772 0.2446446
27.2272272 0.1412632
27.2772773 0.4662865
27.3273273 0.0490015
27.3773774 0.2937291
27.4274274 -0.0518947
27.4774775 -0.1571482
27.5275275 0.2630137
27.5775776 -0.1871291
27.6276276 -0.1678681
27.6776777 -0.0169174
27.7277277 -0.2104626
27.7777778 0.2354226
27.8278278 0.0523243
27.8778779 -0.1701154
27.9279279 -0.0823726
27.9779780 -0.1044228
28.0280280 0.0945618
28.0780781 -0.4172294
28.1281281 -0.0424936
28.1781782 -0.1951358
28.2282282 0.1798142
28.2782783 0.2379582
28.3283283 0.1389749
28.3783784 0.0842469
28.4284284 -0.4689847
28.4784785 0.1115814
28.5285285 -0.0861648
28.5785786 0.0466876
28.6286286 0.0327349
28.6786787 -0.1488901
28.7287287 0.2299896
28.7787788 0.1553729
28.8288288 0.0261433
28.8788789 0.2969744
28.9289289 0.4463283
28.9789790 -0.1401643
29.0290290 0.0955898
29.0790791 -0.1414440
29.1291291 0.2642986
29.1791792 0.2092058
29.2292292 -0.0131949
29.2792793 -0.0227865
29.3293293 -0.0656090
29.3793794 0.3002689
29.4294294 0.0435477
29.4794795 0.0645474
29.5295295 -0.1778763
29.5795796 0.1643105
29.6296296 0.6824621
29.6796797 0.1580841
29.7297297 -0.2161894
29.7797798 0.1474171
29.8298298 -0.2203590
29.8798799 0.1246180
29.9299299 -0.2778952
29.9799800 0.2476908
30.0300300 0.3391628
30.0800801 0.4279168
30.1301301 0.3904548
30.1801802 -0.0775690
30.2302302 0.1836597
30.2802803 0.2851096
30.3303303 -0.1487681
30.3803804 0.1288410
30.4304304 0.2505098
30.4804805 -0.1977330
30.5305305 -0.1253369
30.5805806 0.2516237
30.6306306 0.0797346
30.6806807 0.1948316
30.7307307 0.3773517
30.7807808 0.1841802
30.8308308 -0.0933809
30.8808809 0.2417598
30.9309309 0.0406503
30.9809810 -0.1016260
31.0310310 0.5327584
31.0810811 0.0928148
31.1311311 -0.1296932
31.1811812 0.2130154
31.2312312 0.4408298
31.2812813 0.2029333
31.3313313 0.2454075
31.3813814 0.0956056
31.4314314 0.0377009
31.4814815 0.2619988
31.5315315 0.0292069
31.5815816 0.0879048
31.6316316 -0.0437001
31.6816817 -0.0785740
31.7317317 0.0122299
31.7817818 -0.1886664
31.8318318 0.1246718
31.8818819 0.0926330
31.9319319 0.0611846
31.9819820 -0.4203859
32.0320320 -0.0415934
32.0820821 0.1240854
32.1321321 0.1501137
32.1821822 0.1085122
32.2322322 0.0611269
32.2822823 -0.2807083
32.3323323 0.1429711
32.3823824 0.0401340
32.4324324 0.1744083
32.4824825 0.1989778
32.5325325 0.0493530
32.5825826 0.1388610
32.6326326 -0.0054792
32.6826827 -0.0029711
32.7327327 -0.0163206
32.7827828 -0.1411887
32.8328328 0.1174750
32.8828829 0.3357020
32.9329329 -0.0603530
32.9829830 -0.0438951
33.0330330 0.2228902
33.0830831 0.0734311
33.1331331 0.4007129
33.1831832 -0.3070775
33.2332332 -0.1618773
33.2832833 -0.1033625
33.3333333 0.5377036
33.3833834 0.1566097
33.4334334 -0.0347964
33.4834835 0.0681470
33.5335335 -0.0076929
33.5835836 0.2741008
33.6336336 0.0643247
33.6836837 0.2383741
33.7337337 0.2127304
33.7837838 0.0086234
33.8338338 0.0338696
33.8838839 0.0861872
33.9339339 -0.1165339
33.9839840 0.0054350
34.0340340 0.0376000
34.0840841 -0.1665016
34.1341341 0.2609463
34.1841842 -0.1908672
34.2342342 -0.0993464
34.2842843 -0.1997721
34.3343343 0.2875275
34.3843844 -0.0936803
34.4344344 -0.3220548
34.4844845 0.2316081
34.5345345 0.3684928
34.5845846 0.2003158
34.6346346 0.0836343
34.6846847 -0.1344035
34.7347347 -0.1112420
34.7847848 0.3209191
34.8348348 0.3034801
34.8848849 -0.0804758
34.9349349 0.2278442
34.9849850 0.0991112
35.0350350 -0.0299614
35.0850851 -0.1302272
35.1351351 0.1136771
35.1851852 -0.3459682
35.2352352 -0.2925463
35.2852853 0.4902175
35.3353353 0.0345192
35.3853854 0.6235733
35.4354354 -0.0033102
35.4854855 0.0873510
35.5355355 0.2507338
35.5855856 0.0101118
35.6356356 -0.0650047
35.6856857 0.3609881
35.7357357 -0.1415380
35.7857858 0.2242215
35.8358358 -0.0636529
35.8858859 0.2096912
35.9359359 0.2321745
35.9859860 -0.1341827
36.0360360 0.1628676
36.0860861 0.2716152
36.1361361 -0.1835736
36.1861862 0.1246415
36.2362362 0.0372873
36.2862863 -0.2228558
36.3363363 -0.0153606
36.3863864 0.0093274
36.4364364 -0.1924112
36.4864865 -0.3826950
36.5365365 -0.1550870
36.5865866 0.0417993
36.6366366 -0.3333364
36.6866867 0.3179459
36.7367367 -0.0889505
36.7867868 -0.4085677
36.8368368 0.0656236
36.8868869 0.3656843
36.9369369 0.0523818
36.9869870 0.0758627
37.0370370 0.0343675
37.0870871 0.0778180
37.1371371 0.2321392
37.1871872 0.0791704
37.2372372 0.2039220
37.2872873 0.1497173
37.3373373 0.0673980
37.3873874 0.0994942
37.4374374 -0.1762899
37.4874875 -0.1680608
37.5375375 0.0348501
37.5875876 0.1147978
37.6376376 -0.1579224
37.6876877 0.2142732
37.7377377 0.0607992
37.7877878 0.6327063
37.8378378 0.1262371
37.8878879 -0.2487454
37.9379379 0.1199638
37.9879880 0.1450550
38.0380380 -0.0755136
38.0880881 0.0870439
38.1381381 -0.0947785
38.1881882 0.0400551
38.2382382 0.1269097
38.2882883 0.2951453
38.3383383 0.2034124
38.3883884 -0.5418824
38.4384384 0.0971842
38.4884885 0.2150251
38.5385385 0.0328967
38.5885886 0.2218393
38.6386386 0.2034645
38.6886887 0.3192247
38.7387387 0.3028530
38.7887888 0.2431703
38.8388388 -0.3270912
38.8888889 -0.1823290
38.9389389 0.1831121
38.9889890 -0.1792371
39.0390390 -0.0990704
39.0890891 0.1829887
39.1391391 0.0373563
39.1891892 0.2649129
39.2392392 -0.2599447
39.2892893 0.1370870
39.3393393 -0.3242081
39.3893894 -0.2826503
39.4394394 0.0960202
39.4894895 0.0011121
39.5395395 -0.2150685
39.5895896 -0.0324689
39.6396396 -0.0959322
39.6896897 -0.1645923
39.7397397 0.0850173
39.7897898 -0.2944281
39.8398398 0.0987915
39.8898899 -0.4116318
39.9399399 0.1454200
39.9899900 0.1047532
40.0400400 0.1950475
40.0900901 -0.1215271
40.1401401 0.1776546
40.1901902 -0.2049332
40.2402402 0.2252032
40.2902903 -0.4344971
40.3403403 0.0906601
40.3903904 -0.1316234
40.4404404 -0.1405290
40.4904905 0.0611699
40.5405405 -0.0456106
40.5905906 0.2395238
40.6406406 0.0041752
40.6906907 0.2485444
40.7407407 -0.0764340
40.7907908 0.0421766
40.8408408 0.1139581
40.8908909 0.2704156
40.9409409 0.1620926
40.9909910 -0.0361719
41.0410410 -0.2728276
41.0910911 -0.1233046
41.1411411 0.0985788
41.1911912 -0.1915920
41.2412412 0.0895488
41.2912913 0.2673876
41.3413413 0.0791719
41.3913914 0.0616021
41.4414414 0.1141197
41.4914915 0.2906705
41.5415415 0.3412651
41.5915916 -0.1985327
41.6416416 0.0698269
41.6916917 0.1533684
41.7417417 -0.0328406
41.7917918 0.5690629
41.8418418 0.2112612
41.8918919 -0.1612763
41.9419419 0.2013871
41.9919920 0.1768976
42.0420420 0.1897873
42.0920921 -0.3498715
42.1421421 0.3590538
42.1921922 -0.3276660
42.2422422 0.2654990
42.2922923 -0.2188342
42.3423423 0.1072333
42.3923924 0.2335761
42.4424424 0.2013685
42.4924925 0.0307659
42.5425425 -0.1795051
42.5925926 -0.0020400
42.6426426 -0.1529783
42.6926927 -0.3411957
42.7427427 -0.1747461
42.7927928 0.1501331
42.8428428 0.1425224
42.8928929 -0.0691149
42.9429429 0.0348003
42.9929930 0.1209726
43.0430430 0.0644462
43.0930931 0.0770761
43.1431431 0.4747117
43.1931932 -0.4762408
43.2432432 0.0944342
43.2932933 0.0835819
43.3433433 0.1646936
43.3933934 -0.1066564
43.4434434 0.2136378
43.4934935 0.0573259
43.5435435 0.2049025
43.5935936 0.2298651
43.6436436 0.3078918
43.6936937 0.0053285
43.7437437 0.3066117
43.7937938 0.0689025
43.8438438 -0.2928644
43.8938939 -0.0137099
43.9439439 -0.0913188
43.9939940 -0.3585020
44.0440440 -0.0724167
44.0940941 -0.1155965
44.1441441 0.1757459
44.1941942 0.0924435
44.2442442 0.2109349
44.2942943 0.0802506
44.3443443 -0.0136008
44.3943944 -0.0014855
44.4444444 0.0810833
44.4944945 0.2720579
44.5445445 0.1936329
44.5945946 -0.2780080
44.6446446 0.0440646
44.6946947 -0.0308614
44.7447447 0.1422774
44.7947948 -0.0480217
44.8448448 0.2648615
44.8948949 -0.0218209
44.9449449 -0.3028480
44.9949950 0.3215911
45.0450450 0.1132595
45.0950951 0.1403541
45.1451451 -0.1344141
45.1951952 0.1987703
45.2452452 -0.4713920
45.2952953 0.2561540
45.3453453 0.0162342
45.3953954 -0.3357641
45.4454454 -0.2516680
45.4954955 0.0615764
45.5455455 0.0644405
45.5955956 -0.2033580
45.6456456 -0.0827953
45.6956957 0.3212926
45.7457457 -0.0849210
45.7957958 0.0229144
45.8458458 0.1899603
45.8958959 0.2112552
45.9459459 0.0455807
45.9959960 -0.3378605
46.0460460 -0.3439450
46.0960961 0.1087503
46.1461461 -0.1457246
46.1961962 0.1382860
46.2462462 -0.2870551
46.2962963 0.1152703
46.3463463 0.1520783
46.3963964 0.0975465
46.4464464 -0.2065019
46.4964965 -0.0612622
46.5465465 0.1108295
46.5965966 -0.3326257
46.6466466 -0.1387859
46.6966967 -0.2209419
46.7467467 0.2327504
46.7967968 0.3913448
46.8468468 0.1686283
46.8968969 -0.1493175
46.9469469 0.0637161
46.9969970 -0.0350516
47.0470470 -0.1725273
47.0970971 0.0889768
47.1471471 0.0374475
47.1971972 -0.2337735
47.2472472 -0.1356790
47.2972973 -0.0473248
47.3473473 0.1560928
47.3973974 -0.2592055
47.4474474 -0.1172673
47.4974975 -0.0920820
47.5475475 0.2275263
47.5975976 0.3973693
47.6476476 0.3242781
47.6976977 0.2117142
47.7477477 0.0840303
47.7977978 0.0278511
47.8478478 -0.3146168
47.8978979 -0.0787114
47.9479479 0.0078826
47.9979980 0.0622458
48.0480480 -0.2076224
48.0980981 -0.1327269
48.1481481 0.1339959
48.1981982 -0.2471663
48.2482482 -0.1571121
48.2982983 0.0711494
48.3483483 0.3468444
48.3983984 -0.2177079
48.4484484 0.1482915
48.4984985 -0.1622864
48.5485485 -0.0567357
48.5985986 -0.1197920
48.6486486 0.2862255
48.6986987 0.1987567
48.7487487 -0.4479471
48.7987988 -0.0674389
48.8488488 0.1320114
48.8988989 -0.3284044
48.9489489 -0.0339976
48.9989990 -0.0818295
49.0490490 0.1186798
49.0990991 -0.1791368
49.1491491 0.0282218
49.1991992 -0.1030716
49.2492492 -0.2978095
49.2992993 -0.0732494
49.3493493 -0.0893822
49.3993994 -0.0531338
49.4494494 -0.0553284
49.4994995 -0.3362703
49.5495495 0.2490116
49.5995996 0.2991030
49.6496496 -0.0174590
49.6996997 -0.1507582
49.7497497 0.0566439
49.7997998 -0.0774303
49.8498498 0.0240670
49.8998999 -0.3737138
49.9499499 0.3777997
50.0000000 0.0811656
