Number_of_Layers: 6
Minimum_Frequency: 0.100
Maximum_Frequency: 5.000
Layer_No: 1
1 100 9 100 300 9 1.450 2.060 9 0.040 0.100 9
Layer_No: 2
1 100.000 9 200.000 450.000 9 1.610 2.170 9 0.040 0.1 9
Layer_No: 3
100.000 200.000 9 300.000 700.000 9 1.720 2.300 9 0.040 0.1 9
Layer_No: 4
200.000 400.000 9 600.000 1000.000 9 1.910 2.410 9 0.02 0.1 9
Layer_No: 5
50.000 300.000 9 800.000 1200.000 9 2.150 2.370 9 0.01 0.1 9
Layer_No: 6
0.000 0.000 9 1000.000 2000.000 9 2.070 2.630 9 0.000 0.001 9

