0.0000000 1.1214473
0.0500501 1.4153253
0.1001001 0.4944517
0.1501502 1.2055366
0.2002002 1.0914950
0.2502503 0.7354910
0.3003003 0.9470956
0.3503504 1.1395250
0.4004004 1.8906271
0.4504505 1.7314405
0.5005005 0.8281008
0.5505506 1.8495511
0.6006006 1.3631473
0.6506507 1.2249867
0.7007007 1.4457677
0.7507508 1.2888464
0.8008008 1.3643113
0.8508509 1.7932035
0.9009009 1.8473734
0.9509510 1.9306395
1.0010010 1.8537948
1.0510511 1.5323965
1.1011011 2.0829767
1.1511512 2.4192609
1.2012012 2.3071300
1.2512513 2.5928584
1.3013013 2.7031691
1.3513514 2.6672927
1.4014014 3.0140364
1.4514515 2.9921107
1.5015015 3.5956134
1.5515516 3.3523209
1.6016016 3.5639857
1.6516517 3.7797979
1.7017017 3.4069040
1.7517518 4.4535108
1.8018018 4.2089924
1.8518519 3.9313691
1.9019019 4.3495238
1.9519520 3.5757512
2.0020020 3.8564811
2.0520521 3.7452791
2.1021021 3.8008764
2.1521522 3.7408920
2.2022022 3.4312088
2.2522523 3.5925181
2.3023023 3.5521620
2.3523524 3.7392988
2.4024024 3.8710428
2.4524525 3.9200220
2.5025025 3.5385819
2.5525526 3.8337769
2.6026026 3.6419034
2.6526527 3.7789929
2.7027027 4.1528620
2.7527528 4.6257237
2.8028028 4.2195048
2.8528529 4.5629701
2.9029029 4.4666108
2.9529530 4.7441117
3.0030030 4.1465301
3.0530531 4.2305674
3.1031031 4.1234983
3.1531532 3.9888413
3.2032032 3.8177779
3.2532533 3.2209684
3.3033033 2.6119322
3.3533534 2.5489552
3.4034034 2.2672335
3.4534535 2.8508391
3.5035035 2.0149303
3.5535536 2.1762752
3.6036036 1.8343596
3.6536537 1.9642625
3.7037037 1.4898612
3.7537538 1.2566749
3.8038038 1.1732008
3.8538539 1.5348537
3.9039039 1.3225709
3.9539540 1.2634476
4.0040040 1.5796759
4.0540541 1.2818878
4.1041041 1.2226644
4.1541542 1.5030987
4.2042042 0.9333663
4.2542543 1.2468008
4.3043043 1.2559147
4.3543544 0.9932902
4.4044044 1.0811147
4.4544545 0.7559515
4.5045045 0.7495732
4.5545546 1.0247170
4.6046046 1.1588176
4.6546547 1.5767595
4.7047047 0.8415846
4.7547548 1.0363761
4.8048048 0.9796485
4.8548549 0.5682785
4.9049049 0.9148282
4.9549550 0.6201948
5.0050050 1.2295956
5.0550551 0.8561022
5.1051051 1.0990645
5.1551552 0.9762307
5.2052052 1.1937445
5.2552553 1.0189311
5.3053053 1.2981647
5.3553554 1.3913197
5.4054054 1.6519392
5.4554555 1.2667626
5.5055055 0.8776344
5.5555556 1.2259770
5.6056056 1.7817556
5.6556557 1.2991144
5.7057057 1.8292678
5.7557558 1.7164547
5.8058058 2.0941509
5.8558559 1.4122289
5.9059059 1.8992937
5.9559560 1.7616720
6.0060060 2.7816242
6.0560561 2.3986529
6.1061061 2.6055894
6.1561562 2.1283868
6.2062062 2.3236350
6.2562563 2.4167922
6.3063063 2.7610353
6.3563564 2.4705701
6.4064064 2.6991922
6.4564565 2.0736518
6.5065065 2.4450790
6.5565566 2.3210816
6.6066066 2.1298198
6.6566567 2.5788878
6.7067067 2.5071223
6.7567568 2.4330910
6.8068068 2.1105155
6.8568569 2.6578518
6.9069069 2.4796831
6.9569570 2.3370966
7.0070070 2.4210695
7.0570571 2.3755907
7.1071071 2.0662731
7.1571572 2.4321419
7.2072072 2.3522705
7.2572573 2.3705325
7.3073073 2.3900502
7.3573574 2.5973399
7.4074074 2.3376896
7.4574575 3.0832214
7.5075075 3.0579381
7.5575576 3.0057859
7.6076076 3.0609431
7.6576577 2.9286497
7.7077077 3.3539660
7.7577578 3.0781578
7.8078078 2.8982881
7.8578579 3.2847751
7.9079079 2.8218632
7.9579580 2.6131332
8.0080080 2.5417062
8.0580581 2.2739695
8.1081081 2.0712678
8.1581582 2.7590789
8.2082082 2.4347047
8.2582583 2.0118747
8.3083083 1.5499962
8.3583584 1.5398386
8.4084084 1.6062587
8.4584585 1.7445382
8.5085085 1.1927065
8.5585586 0.9025873
8.6086086 1.0436184
8.6586587 1.3945424
8.7087087 1.3615006
8.7587588 1.3341325
8.8088088 1.1663466
8.8588589 1.2051980
8.9089089 1.0280028
8.9589590 1.3057321
9.0090090 0.7822636
9.0590591 1.1745762
9.1091091 0.8649885
9.1591592 0.9687345
9.2092092 1.1595795
9.2592593 1.2623143
9.3093093 0.7705105
9.3593594 1.3054742
9.4094094 1.1699495
9.4594595 1.0079627
9.5095095 0.9839777
9.5595596 0.9860374
9.6096096 0.9761956
9.6596597 1.0617259
9.7097097 1.0823976
9.7597598 1.2741787
9.8098098 1.4518201
9.8598599 1.2342989
9.9099099 1.1060479
9.9599600 1.3219276
10.0100100 1.2521292
10.0600601 1.0109104
10.1101101 1.4933888
10.1601602 1.3864026
10.2102102 1.3880567
10.2602603 1.5165208
10.3103103 1.5035275
10.3603604 1.2773434
10.4104104 1.4993285
10.4604605 1.5485956
10.5105105 1.5055815
10.5605606 2.0473145
10.6106106 1.5074449
10.6606607 1.6290150
10.7107107 1.6047080
10.7607608 1.5210268
10.8108108 1.7566757
10.8608609 1.7451730
10.9109109 2.1532007
10.9609610 1.7460932
11.0110110 1.5518974
11.0610611 2.1406683
11.1111111 2.0409541
11.1611612 1.6922483
11.2112112 1.3854115
11.2612613 1.6070190
11.3113113 1.6551237
11.3613614 1.7372808
11.4114114 1.6026836
11.4614615 1.7511607
11.5115115 1.7317397
11.5615616 1.3560794
11.6116116 1.4231616
11.6616617 1.4720941
11.7117117 1.5306289
11.7617618 1.5824936
11.8118118 1.6710935
11.8618619 1.0012637
11.9119119 1.6033072
11.9619620 2.0120018
12.0120120 1.5188734
12.0620621 2.0025742
12.1121121 1.9056406
12.1621622 1.8572254
12.2122122 1.9438656
12.2622623 1.5885400
12.3123123 1.9614811
12.3623624 2.3788202
12.4124124 2.0701438
12.4624625 2.0820312
12.5125125 1.9228961
12.5625626 2.0873225
12.6126126 2.1406007
12.6626627 2.1660764
12.7127127 1.9553924
12.7627628 1.9454019
12.8128128 2.4063036
12.8628629 1.3827978
12.9129129 2.3357837
12.9629630 1.8454195
13.0130130 1.9315393
13.0630631 1.2672037
13.1131131 1.4493761
13.1631632 1.4622786
13.2132132 1.5664077
13.2632633 1.0432061
13.3133133 1.4803862
13.3633634 1.0571499
13.4134134 1.3071160
13.4634635 1.4042763
13.5135135 1.2991169
13.5635636 1.4415083
13.6136136 1.3991877
13.6636637 1.0029764
13.7137137 1.1890786
13.7637638 0.9015258
13.8138138 0.8027914
13.8638639 1.2993476
13.9139139 1.0820402
13.9639640 1.0636050
14.0140140 1.2781259
14.0640641 1.2052086
14.1141141 1.1508115
14.1641642 1.3570945
14.2142142 1.2898306
14.2642643 1.1411956
14.3143143 0.9403981
14.3643644 0.9604924
14.4144144 1.3902458
14.4644645 0.7721308
14.5145145 1.1477527
14.5645646 0.7318717
14.6146146 1.4229559
14.6646647 1.4088482
14.7147147 1.2373602
14.7647648 1.2448125
14.8148148 0.7233717
14.8648649 1.4403862
14.9149149 0.8374943
14.9649650 0.8313296
15.0150150 1.3940084
15.0650651 1.1800946
15.1151151 1.5027039
15.1651652 1.5746114
15.2152152 1.6234980
15.2652653 1.2775697
15.3153153 1.5349361
15.3653654 1.4518400
15.4154154 1.6076072
15.4654655 1.5306967
15.5155155 1.5981881
15.5655656 1.3491678
15.6156156 1.3277446
15.6656657 1.5696832
15.7157157 0.8430041
15.7657658 1.1894444
15.8158158 0.9976626
15.8658659 1.1803633
15.9159159 1.3965940
15.9659660 1.4212851
16.0160160 0.9918137
16.0660661 1.1026998
16.1161161 1.2299434
16.1661662 1.1248894
16.2162162 1.2528084
16.2662663 1.2708316
16.3163163 0.9683757
16.3663664 1.1385300
16.4164164 0.6990332
16.4664665 1.4436199
16.5165165 1.0492169
16.5665666 0.9279176
16.6166166 1.1531060
16.6666667 0.9004556
16.7167167 1.2331415
16.7667668 1.1278315
16.8168168 1.7648121
16.8668669 1.5501209
16.9169169 0.7504642
16.9669670 1.4367728
17.0170170 1.0446894
17.0670671 1.3266399
17.1171171 1.4449557
17.1671672 1.5994960
17.2172172 1.3902391
17.2672673 1.8271034
17.3173173 1.3786584
17.3673674 1.5739386
17.4174174 1.6586326
17.4674675 1.5316787
17.5175175 1.7105782
17.5675676 1.5789408
17.6176176 1.3185561
17.6676677 1.0734340
17.7177177 1.8829663
17.7677678 1.3055612
17.8178178 1.4421748
17.8678679 1.5212239
17.9179179 1.3940128
17.9679680 1.1380902
18.0180180 1.2111808
18.0680681 1.2637215
18.1181181 1.6021801
18.1681682 1.0512180
18.2182182 1.4020067
18.2682683 1.2753078
18.3183183 1.1354271
18.3683684 0.9340507
18.4184184 1.0950937
18.4684685 1.1281156
18.5185185 0.8061567
18.5685686 1.1737600
18.6186186 0.9387986
18.6686687 1.0992966
18.7187187 1.1943879
18.7687688 0.9137238
18.8188188 1.0542705
18.8688689 1.2013875
18.9189189 0.7120981
18.9689690 1.3666665
19.0190190 1.6874699
19.0690691 1.3648572
19.1191191 1.0860911
19.1691692 1.2642411
19.2192192 0.9439141
19.2692693 1.6127864
19.3193193 1.4116758
19.3693694 1.3871302
19.4194194 1.0206811
19.4694695 1.2987780
19.5195195 1.1067525
19.5695696 1.1668683
19.6196196 1.1105061
19.6696697 1.0070616
19.7197197 1.0302739
19.7697698 1.1821564
19.8198198 0.8371526
19.8698699 1.3469026
19.9199199 1.1695137
19.9699700 1.3385182
20.0200200 1.2243439
20.0700701 1.2566880
20.1201201 0.7907891
20.1701702 0.8756208
20.2202202 0.9852683
20.2702703 1.0913500
20.3203203 1.3023403
20.3703704 0.9633744
20.4204204 1.2961865
20.4704705 1.1019980
20.5205205 1.2443357
20.5705706 0.9935481
20.6206206 0.8035505
20.6706707 0.6056712
20.7207207 0.9651547
20.7707708 1.1060619
20.8208208 0.8476163
20.8708709 0.7854960
20.9209209 0.8332807
20.9709710 0.6520512
21.0210210 0.7865380
21.0710711 0.8566164
21.1211211 0.9087253
21.1711712 0.8862709
21.2212212 1.0424416
21.2712713 0.9340805
21.3213213 1.3255118
21.3713714 0.9939467
21.4214214 1.3400661
21.4714715 0.7794039
21.5215215 1.0731739
21.5715716 0.9081207
21.6216216 1.1162310
21.6716717 1.1296021
21.7217217 0.5173405
21.7717718 0.7277906
21.8218218 0.7190626
21.8718719 1.1527335
21.9219219 1.4116294
21.9719720 1.0232144
22.0220220 1.2976494
22.0720721 1.2538604
22.1221221 0.9086074
22.1721722 1.2501880
22.2222222 1.0033053
22.2722723 1.5266007
22.3223223 1.1857654
22.3723724 1.5695905
22.4224224 1.1088392
22.4724725 1.3406712
22.5225225 1.1940023
22.5725726 0.7502523
22.6226226 0.9822470
22.6726727 1.3381464
22.7227227 1.1819557
22.7727728 0.9353535
22.8228228 1.0396796
22.8728729 1.2303232
22.9229229 0.9423882
22.9729730 1.3797866
23.0230230 1.0080620
23.0730731 1.5550870
23.1231231 0.8969381
23.1731732 1.1809339
23.2232232 0.7882636
23.2732733 0.9651145
23.3233233 0.9921656
23.3733734 1.2152765
23.4234234 1.3367051
23.4734735 1.1918027
23.5235235 1.0403631
23.5735736 1.3100920
23.6236236 1.3080187
23.6736737 1.1566481
23.7237237 1.2605203
23.7737738 1.2265716
23.8238238 0.9118596
23.8738739 1.3072039
23.9239239 0.9871587
23.9739740 0.9980554
24.0240240 1.1719604
24.0740741 1.0585241
24.1241241 1.0925064
24.1741742 1.2492621
24.2242242 1.3418976
24.2742743 1.0495537
24.3243243 1.1553592
24.3743744 1.0129762
24.4244244 1.1026928
24.4744745 1.1330382
24.5245245 0.8761761
24.5745746 1.0587530
24.6246246 1.1131699
24.6746747 0.9787751
24.7247247 1.3292309
24.7747748 0.7818604
24.8248248 0.7340904
24.8748749 0.4871605
24.9249249 1.0706392
24.9749750 1.0442176
25.0250250 0.8145999
25.0750751 1.0208391
25.1251251 0.8456428
25.1751752 0.8571258
25.2252252 0.8053072
25.2752753 0.8685926
25.3253253 0.7826739
25.3753754 1.3808728
25.4254254 0.4803785
25.4754755 0.3187418
25.5255255 0.4746645
25.5755756 0.4811257
25.6256256 0.6269401
25.6756757 0.6846400
25.7257257 0.6721487
25.7757758 0.8436004
25.8258258 0.8100541
25.8758759 0.8935968
25.9259259 1.1283359
25.9759760 1.0066508
26.0260260 0.4452054
26.0760761 0.2146295
26.1261261 0.9509765
26.1761762 0.3401003
26.2262262 0.7781949
26.2762763 0.7803955
26.3263263 1.2855677
26.3763764 0.7777981
26.4264264 0.6905431
26.4764765 0.8708211
26.5265265 0.8861492
26.5765766 0.8600904
26.6266266 0.7209243
26.6766767 0.5967261
26.7267267 0.9591219
26.7767768 0.5991766
26.8268268 0.6842033
26.8768769 1.2327229
26.9269269 0.8517621
26.9769770 0.9285607
27.0270270 1.1767511
27.0770771 0.9181910
27.1271271 1.2300839
27.1771772 0.9302392
27.2272272 1.2465067
27.2772773 1.1683473
27.3273273 0.9854272
27.3773774 0.8442571
27.4274274 0.8093934
27.4774775 0.9882369
27.5275275 0.9536109
27.5775776 0.9628114
27.6276276 1.2791404
27.6776777 0.9910120
27.7277277 1.3173860
27.7777778 0.9393868
27.8278278 1.2792605
27.8778779 0.9414854
27.9279279 1.0990131
27.9779780 1.2779052
28.0280280 0.9644720
28.0780781 0.9581417
28.1281281 1.5085931
28.1781782 1.2695266
28.2282282 0.9554188
28.2782783 1.1973998
28.3283283 0.9667331
28.3783784 1.2040711
28.4284284 1.3601897
28.4784785 0.6727842
28.5285285 1.2614036
28.5785786 1.3510091
28.6286286 1.0238981
28.6786787 1.3978784
28.7287287 1.0275618
28.7787788 0.7008420
28.8288288 0.4714868
28.8788789 0.8772535
28.9289289 1.0984151
28.9789790 0.9928229
29.0290290 0.9978061
29.0790791 0.7568176
29.1291291 0.9021898
29.1791792 0.4818915
29.2292292 0.6627427
29.2792793 0.6320622
29.3293293 0.9172961
29.3793794 0.7800206
29.4294294 0.5060556
29.4794795 0.7493688
29.5295295 0.5808406
29.5795796 0.5719259
29.6296296 0.9043485
29.6796797 0.7222145
29.7297297 0.7748395
29.7797798 0.8736257
29.8298298 0.7046129
29.8798799 0.7791068
29.9299299 0.8005729
29.9799800 0.9031827
30.0300300 0.7395444
30.0800801 0.9451608
30.1301301 0.6261959
30.1801802 0.6059985
30.2302302 0.9976192
30.2802803 0.4954876
30.3303303 0.6080448
30.3803804 0.8153025
30.4304304 0.6409561
30.4804805 0.9248061
30.5305305 0.8421378
30.5805806 0.6762417
30.6306306 0.4372820
30.6806807 0.7442461
30.7307307 0.3079563
30.7807808 0.6802187
30.8308308 0.8130537
30.8808809 0.6847166
30.9309309 0.8421368
30.9809810 1.1114944
31.0310310 0.8678336
31.0810811 0.7282488
31.1311311 0.8223298
31.1811812 0.7835165
31.2312312 0.4010009
31.2812813 0.6149678
31.3313313 0.9971584
31.3813814 0.7225681
31.4314314 0.8761671
31.4814815 0.5296955
31.5315315 0.7841946
31.5815816 0.9178490
31.6316316 0.4873098
31.6816817 0.8858041
31.7317317 0.7784096
31.7817818 0.6191038
31.8318318 0.8342344
31.8818819 0.4252221
31.9319319 0.3831091
31.9819820 0.6074504
32.0320320 0.6583163
32.0820821 0.6250606
32.1321321 0.5074291
32.1821822 0.9685759
32.2322322 0.5488494
32.2822823 0.9384820
32.3323323 1.0952089
32.3823824 0.9199898
32.4324324 0.9438425
32.4824825 0.8389957
32.5325325 0.5904221
32.5825826 0.9156763
32.6326326 1.1422020
32.6826827 1.3167627
32.7327327 0.8252761
32.7827828 0.5525465
32.8328328 0.9547097
32.8828829 0.9984563
32.9329329 0.8578270
32.9829830 0.6444671
33.0330330 1.3553666
33.0830831 0.3585001
33.1331331 0.7688281
33.1831832 0.5772443
33.2332332 0.7230359
33.2832833 0.9286913
33.3333333 0.8775016
33.3833834 0.6745026
33.4334334 0.9986325
33.4834835 0.9512243
33.5335335 0.9438999
33.5835836 0.6881701
33.6336336 1.0075097
33.6836837 0.9060514
33.7337337 1.3095500
33.7837838 0.9691507
33.8338338 0.9764247
33.8838839 0.7134150
33.9339339 0.3970398
33.9839840 0.5911510
34.0340340 0.4911725
34.0840841 0.5227414
34.1341341 0.7638060
34.1841842 0.5014619
34.2342342 0.4144143
34.2842843 0.5141020
34.3343343 0.5607808
34.3843844 0.6807576
34.4344344 0.3649175
34.4844845 0.6442000
34.5345345 0.5832058
34.5845846 0.8584207
34.6346346 0.5054366
34.6846847 0.5181527
34.7347347 0.2795070
34.7847848 0.2273688
34.8348348 0.6071964
34.8848849 0.4781012
34.9349349 0.6462371
34.9849850 0.3294125
35.0350350 0.9613210
35.0850851 0.5576098
35.1351351 0.7668560
35.1851852 0.4800293
35.2352352 0.4960857
35.2852853 0.6907347
35.3353353 0.6630415
35.3853854 0.2876683
35.4354354 0.1982637
35.4854855 0.3007853
35.5355355 0.2338211
35.5855856 0.5724425
35.6356356 0.4719847
35.6856857 0.4881445
35.7357357 0.2707347
35.7857858 0.7615723
35.8358358 0.6925119
35.8858859 0.5811922
35.9359359 0.8406431
35.9859860 0.4214376
36.0360360 0.7216688
36.0860861 0.7160710
36.1361361 0.7257849
36.1861862 0.4918004
36.2362362 0.7399968
36.2862863 0.5594670
36.3363363 0.4827454
36.3863864 0.4226943
36.4364364 0.9378667
36.4864865 0.5209546
36.5365365 0.6811186
36.5865866 0.4547926
36.6366366 0.6677329
36.6866867 0.0112162
36.7367367 0.5014860
36.7867868 0.4298445
36.8368368 0.5272179
36.8868869 0.7117693
36.9369369 0.6893014
36.9869870 1.2041129
37.0370370 0.6371832
37.0870871 0.7105916
37.1371371 0.4126696
37.1871872 0.6587581
37.2372372 0.4632109
37.2872873 0.7705419
37.3373373 0.9541097
37.3873874 0.8499195
37.4374374 0.5970378
37.4874875 0.3831846
37.5375375 1.0769954
37.5875876 1.2055291
37.6376376 0.7644943
37.6876877 0.5080438
37.7377377 0.9961255
37.7877878 0.5852213
37.8378378 0.6060789
37.8878879 0.9051330
37.9379379 0.3843821
37.9879880 0.2472961
38.0380380 0.7760058
38.0880881 0.7629192
38.1381381 0.6850690
38.1881882 0.7667457
38.2382382 0.8898313
38.2882883 0.8552917
38.3383383 0.4983117
38.3883884 0.8003319
38.4384384 0.6471823
38.4884885 0.4846130
38.5385385 0.3201436
38.5885886 0.7268731
38.6386386 0.4921207
38.6886887 0.5739905
38.7387387 0.3761764
38.7887888 0.1971507
38.8388388 0.5785622
38.8888889 0.5185520
38.9389389 0.7965818
38.9889890 0.7003874
39.0390390 0.7511775
39.0890891 0.3384807
39.1391391 0.2909436
39.1891892 0.2110180
39.2392392 0.6058374
39.2892893 1.1194680
39.3393393 0.6503849
39.3893894 0.3084390
39.4394394 0.6694991
39.4894895 0.2235700
39.5395395 0.1550410
39.5895896 0.6376632
39.6396396 0.2991542
39.6896897 0.5459432
39.7397397 0.7924203
39.7897898 0.5659058
39.8398398 0.6863136
39.8898899 0.1150641
39.9399399 0.6290915
39.9899900 0.9650140
40.0400400 0.6069287
40.0900901 0.1397788
40.1401401 0.4454746
40.1901902 0.3823461
40.2402402 0.5860839
40.2902903 0.5972825
40.3403403 0.6007864
40.3903904 0.4323193
40.4404404 0.3847086
40.4904905 0.3927337
40.5405405 0.7247647
40.5905906 0.1196558
40.6406406 0.4977656
40.6906907 0.6121356
40.7407407 0.4101281
40.7907908 0.6718664
40.8408408 0.5543841
40.8908909 0.3648406
40.9409409 0.6193250
40.9909910 0.5281384
41.0410410 0.5016581
41.0910911 0.4387214
41.1411411 0.6180066
41.1911912 0.1913950
41.2412412 0.5221859
41.2912913 0.4926183
41.3413413 0.4120972
41.3913914 0.7676241
41.4414414 0.4558915
41.4914915 0.7448606
41.5415415 0.8436174
41.5915916 0.5876938
41.6416416 0.6853128
41.6916917 0.7659898
41.7417417 0.6017886
41.7917918 0.7403988
41.8418418 0.3308310
41.8918919 0.8643018
41.9419419 0.3871326
41.9919920 0.1944694
42.0420420 0.9169681
42.0920921 0.5865377
42.1421421 0.6983855
42.1921922 0.5110387
42.2422422 0.3585147
42.2922923 -0.1092707
42.3423423 0.7219888
42.3923924 0.5113213
42.4424424 0.5269358
42.4924925 0.6584522
42.5425425 0.2414539
42.5925926 0.3924091
42.6426426 0.8113612
42.6926927 0.6821960
42.7427427 0.2526098
42.7927928 0.0391619
42.8428428 0.4025549
42.8928929 0.5746408
42.9429429 0.7338584
42.9929930 0.5368506
43.0430430 0.2568674
43.0930931 0.5742482
43.1431431 0.2350557
43.1931932 0.2776319
43.2432432 0.3419472
43.2932933 0.2069419
43.3433433 0.4185783
43.3933934 0.2717960
43.4434434 0.4059983
43.4934935 0.3617101
43.5435435 0.3694276
43.5935936 0.3442895
43.6436436 0.7328669
43.6936937 0.5886484
43.7437437 0.4608885
43.7937938 0.1132063
43.8438438 0.0746065
43.8938939 -0.0043939
43.9439439 1.0257048
43.9939940 0.6550250
44.0440440 0.4918694
44.0940941 0.2125014
44.1441441 0.1726656
44.1941942 0.5546553
44.2442442 0.7841340
44.2942943 0.0480958
44.3443443 0.3293552
44.3943944 0.4124113
44.4444444 -0.0176059
44.4944945 0.6235551
44.5445445 0.3413626
44.5945946 0.8687234
44.6446446 0.3505668
44.6946947 0.5336174
44.7447447 0.1857303
44.7947948 0.3054687
44.8448448 0.1856815
44.8948949 0.5416110
44.9449449 0.7504453
44.9949950 0.3259083
45.0450450 0.5623096
45.0950951 0.3536605
45.1451451 0.4945584
45.1951952 0.7456403
45.2452452 0.5065313
45.2952953 0.2490389
45.3453453 0.2934212
45.3953954 0.4522961
45.4454454 0.4508366
45.4954955 0.3018004
45.5455455 0.5411517
45.5955956 0.7890970
45.6456456 0.4486187
45.6956957 0.4611174
45.7457457 0.0116363
45.7957958 0.3351514
45.8458458 0.1961611
45.8958959 0.4239901
45.9459459 0.6299037
45.9959960 0.8548151
46.0460460 0.9161598
46.0960961 0.4823379
46.1461461 0.4349046
46.1961962 0.6900792
46.2462462 0.6140580
46.2962963 0.6738816
46.3463463 0.6743085
46.3963964 0.1614582
46.4464464 0.6150601
46.4964965 0.4693951
46.5465465 0.3153339
46.5965966 0.3273200
46.6466466 0.7703361
46.6966967 0.2948587
46.7467467 0.1952683
46.7967968 0.5200224
46.8468468 0.9226331
46.8968969 0.4711613
46.9469469 0.5320103
46.9969970 0.2474670
47.0470470 0.8346338
47.0970971 0.4818098
47.1471471 0.5704733
47.1971972 0.2328841
47.2472472 0.6380879
47.2972973 0.5303603
47.3473473 0.1786657
47.3973974 0.4461145
47.4474474 0.3327492
47.4974975 0.4566318
47.5475475 0.3728197
47.5975976 0.3840127
47.6476476 0.1911233
47.6976977 0.3489778
47.7477477 0.5927514
47.7977978 0.8113456
47.8478478 0.1528277
47.8978979 0.9497273
47.9479479 0.7552492
47.9979980 0.4464925
48.0480480 0.3383601
48.0980981 0.2466360
48.1481481 0.5906956
48.1981982 0.2439404
48.2482482 0.2948636
48.2982983 0.5972581
48.3483483 0.4947412
48.3983984 0.5975647
48.4484484 0.5078983
48.4984985 0.3023683
48.5485485 0.2760442
48.5985986 0.5713457
48.6486486 0.2393772
48.6986987 0.6587191
48.7487487 0.5691520
48.7987988 0.4555901
48.8488488 0.3915606
48.8988989 0.4738305
48.9489489 1.1884403
48.9989990 0.3672175
49.0490490 0.0419637
49.0990991 0.8272655
49.1491491 0.5337220
49.1991992 0.2510637
49.2492492 0.9902000
49.2992993 0.5251710
49.3493493 0.4690200
49.3993994 0.2288143
49.4494494 0.1660000
49.4994995 0.0091959
49.5495495 0.3152544
49.5995996 0.1750687
49.6496496 0.5614065
49.6996997 0.3454627
49.7497497 0.8188355
49.7997998 0.7624227
49.8498498 0.4600931
49.8998999 0.3608541
49.9499499 0.6864682
50.0000000 0.1685325
