0 1.86863
0.0122041 1.86863
0.0244081 1.85248
0.0366122 1.83571
0.0488162 1.8347
0.0610203 1.87069
0.0732243 1.93863
0.0854284 2.00052
0.0976324 1.94866
0.109836 1.86184
0.122041 1.80854
0.134245 1.78086
0.146449 1.77255
0.158653 1.77408
0.170857 1.77935
0.183061 1.78652
0.195265 1.80131
0.207469 1.82496
0.219673 1.85624
0.231877 1.92114
0.244081 2.02237
0.256285 2.11399
0.268489 2.17019
0.280693 2.18339
0.292897 2.1586
0.305101 2.18015
0.317305 2.27306
0.329509 2.31136
0.341713 2.23156
0.353918 2.10657
0.366122 1.91832
0.378326 1.77247
0.39053 1.75137
0.402734 1.73695
0.414938 1.65836
0.427142 1.5406
0.439346 1.41609
0.45155 1.36848
0.463754 1.39983
0.475958 1.41431
0.488162 1.38166
0.500366 1.36892
0.51257 1.40062
0.524774 1.45279
0.536978 1.46604
0.549182 1.42231
0.561386 1.39847
0.57359 1.40162
0.585794 1.42471
0.597999 1.4552
0.610203 1.46636
0.622407 1.47746
0.634611 1.51195
0.646815 1.526
0.659019 1.53203
0.671223 1.57447
0.683427 1.62626
0.695631 1.60846
0.707835 1.57503
0.720039 1.60329
0.732243 1.64877
0.744447 1.66686
0.756651 1.69139
0.768855 1.70712
0.781059 1.699
0.793263 1.7004
0.805467 1.7077
0.817671 1.68684
0.829876 1.64957
0.84208 1.62765
0.854284 1.61239
0.866488 1.58403
0.878692 1.57172
0.890896 1.57262
0.9031 1.55469
0.915304 1.49754
0.927508 1.41397
0.939712 1.34782
0.951916 1.30336
0.96412 1.25218
0.976324 1.19171
0.988528 1.12815
1.00073 1.06657
1.01294 1.02763
1.02514 0.994291
1.03734 0.949988
1.04955 0.920708
1.06175 0.934
1.07396 1.01602
1.08616 1.10947
1.09836 1.15845
1.11057 1.17056
1.12277 1.17134
1.13498 1.18709
1.14718 1.24203
1.15938 1.31023
1.17159 1.34181
1.18379 1.36828
1.196 1.41423
1.2082 1.44453
1.22041 1.43376
1.23261 1.41237
1.24481 1.41929
1.25702 1.43564
1.26922 1.47849
1.28143 1.56037
1.29363 1.63199
1.30583 1.68928
1.31804 1.65286
1.33024 1.51827
1.34245 1.3896
1.35465 1.26496
1.36685 1.10722
1.37906 1.01619
1.39126 1.05436
1.40347 1.16956
1.41567 1.31577
1.42787 1.43678
1.44008 1.39555
1.45228 1.24386
1.46449 1.13561
1.47669 1.08171
1.48889 1.04886
1.5011 1.01227
1.5133 1.0177
1.52551 1.24696
1.53771 1.74452
1.54991 2.05619
1.56212 1.81788
1.57432 1.39325
1.58653 1.111
1.59873 0.976317
1.61093 0.920511
1.62314 0.901131
1.63534 0.903481
1.64755 0.908923
1.65975 0.910801
1.67196 0.92494
1.68416 0.977095
1.69636 1.05386
1.70857 1.11872
1.72077 1.17737
1.73298 1.18064
1.74518 1.11135
1.75738 1.04727
1.76959 1.01579
1.78179 1.01755
1.794 1.04652
1.8062 1.07537
1.8184 1.10816
1.83061 1.11441
1.84281 1.0895
1.85502 1.05475
1.86722 1.00379
1.87942 0.944835
1.89163 0.890382
1.90383 0.857983
1.91604 0.838532
1.92824 0.801335
1.94044 0.773541
1.95265 0.781561
1.96485 0.775868
1.97706 0.728329
1.98926 0.676959
2.00146 0.657953
2.01367 0.669259
2.02587 0.667011
2.03808 0.630194
2.05028 0.595196
2.06248 0.579724
2.07469 0.574288
2.08689 0.585468
2.0991 0.608679
2.1113 0.637383
2.12351 0.678485
2.13571 0.70358
2.14791 0.701593
2.16012 0.682911
2.17232 0.662072
2.18453 0.654309
2.19673 0.662011
2.20893 0.659683
2.22114 0.646161
2.23334 0.646946
2.24555 0.679559
2.25775 0.721517
2.26995 0.744276
2.28216 0.75563
2.29436 0.757303
2.30657 0.761538
2.31877 0.742035
2.33097 0.715925
2.34318 0.704813
2.35538 0.711204
2.36759 0.723733
2.37979 0.746847
2.39199 0.766179
2.4042 0.742891
2.4164 0.708299
2.42861 0.699767
2.44081 0.699927
2.45301 0.705566
2.46522 0.718249
2.47742 0.734483
2.48963 0.735253
2.50183 0.709977
2.51403 0.688569
2.52624 0.680745
2.53844 0.674708
2.55065 0.67962
2.56285 0.674823
2.57505 0.662663
2.58726 0.651793
2.59946 0.634162
2.61167 0.623961
2.62387 0.627632
2.63608 0.644134
2.64828 0.6762
2.66048 0.713794
2.67269 0.726788
2.68489 0.733725
2.6971 0.773364
2.7093 0.817912
2.7215 0.84308
2.73371 0.838332
2.74591 0.822519
2.75812 0.821771
2.77032 0.83479
2.78252 0.848011
2.79473 0.85781
2.80693 0.85837
2.81914 0.835625
2.83134 0.799479
2.84354 0.788838
2.85575 0.800898
2.86795 0.806636
2.88016 0.794077
2.89236 0.778372
2.90456 0.768805
2.91677 0.744114
2.92897 0.720662
2.94118 0.720005
2.95338 0.730491
2.96558 0.736787
2.97779 0.748768
2.98999 0.773965
3.0022 0.812528
3.0144 0.863235
3.0266 0.905011
3.03881 0.920674
3.05101 0.897386
3.06322 0.860153
3.07542 0.833066
3.08763 0.826938
3.09983 0.829935
3.11203 0.850231
3.12424 0.8764
3.13644 0.897744
3.14865 0.916985
3.16085 0.902682
3.17305 0.871558
3.18526 0.877761
3.19746 0.915103
3.20967 0.940013
3.22187 0.931576
3.23407 0.910594
3.24628 0.894187
3.25848 0.853302
3.27069 0.795216
3.28289 0.766322
3.29509 0.762758
3.3073 0.763743
3.3195 0.774192
3.33171 0.788345
3.34391 0.78608
3.35611 0.797669
3.36832 0.837379
3.38052 0.873964
3.39273 0.881949
3.40493 0.889354
3.41713 0.896737
3.42934 0.86424
3.44154 0.797398
3.45375 0.75363
3.46595 0.736647
3.47815 0.736457
3.49036 0.74561
3.50256 0.736415
3.51477 0.719834
3.52697 0.712839
3.53918 0.699616
3.55138 0.684699
3.56358 0.683614
3.57579 0.682095
3.58799 0.675075
3.6002 0.681311
3.6124 0.697421
3.6246 0.691627
3.63681 0.681138
3.64901 0.710747
3.66122 0.754643
3.67342 0.768929
3.68562 0.760714
3.69783 0.765883
3.71003 0.786744
3.72224 0.838924
3.73444 0.893287
3.74664 0.9243
3.75885 0.935172
3.77105 0.927191
3.78326 0.927558
3.79546 0.949498
3.80766 0.972566
3.81987 0.977562
3.83207 0.955689
3.84428 0.93194
3.85648 0.92262
3.86868 0.920917
3.88089 0.914998
3.89309 0.905159
3.9053 0.890978
3.9175 0.882114
3.9297 0.886951
3.94191 0.88659
3.95411 0.876095
3.96632 0.857522
3.97852 0.827827
3.99072 0.819538
4.00293 0.841097
4.01513 0.853457
4.02734 0.858007
4.03954 0.852659
4.05175 0.820625
4.06395 0.797245
4.07615 0.79008
4.08836 0.779206
4.10056 0.788174
4.11277 0.795945
4.12497 0.801217
4.13717 0.817935
4.14938 0.836563
4.16158 0.849068
4.17379 0.829868
4.18599 0.780265
4.19819 0.752775
4.2104 0.770468
4.2226 0.788828
4.23481 0.783875
4.24701 0.772948
4.25921 0.773163
4.27142 0.768603
4.28362 0.759156
4.29583 0.762624
4.30803 0.769844
4.32023 0.762748
4.33244 0.757889
4.34464 0.763108
4.35685 0.759097
4.36905 0.758106
4.38125 0.750323
4.39346 0.743143
4.40566 0.747361
4.41787 0.744057
4.43007 0.732144
4.44227 0.739455
4.45448 0.750492
4.46668 0.764875
4.47889 0.792769
4.49109 0.787455
4.5033 0.740323
4.5155 0.703801
4.5277 0.706122
4.53991 0.708163
4.55211 0.698888
4.56432 0.698796
4.57652 0.675513
4.58872 0.629813
4.60093 0.591333
4.61313 0.561129
4.62534 0.541398
4.63754 0.532876
4.64974 0.535189
4.66195 0.547393
4.67415 0.556507
4.68636 0.555347
4.69856 0.573397
4.71076 0.597213
4.72297 0.599041
4.73517 0.590524
4.74738 0.569053
4.75958 0.558324
4.77178 0.569835
4.78399 0.586805
4.79619 0.610651
4.8084 0.629203
4.8206 0.628527
4.8328 0.630481
4.84501 0.636422
4.85721 0.64069
4.86942 0.639896
4.88162 0.647676
4.89382 0.663957
4.90603 0.67767
4.91823 0.669136
4.93044 0.643196
4.94264 0.603101
4.95485 0.578486
4.96705 0.586212
4.97925 0.596947
4.99146 0.602339
5.00366 0.610382
5.01587 0.604364
5.02807 0.578668
5.04027 0.557117
5.05248 0.555128
5.06468 0.559214
5.07689 0.572653
5.08909 0.592544
5.10129 0.594941
5.1135 0.587769
5.1257 0.58699
5.13791 0.590884
5.15011 0.590047
5.16231 0.585587
5.17452 0.585741
5.18672 0.58188
5.19893 0.575622
5.21113 0.563597
5.22333 0.553268
5.23554 0.566219
5.24774 0.586538
5.25995 0.599145
5.27215 0.608665
5.28435 0.610466
5.29656 0.604444
5.30876 0.611043
5.32097 0.628874
5.33317 0.634976
5.34537 0.639701
5.35758 0.649107
5.36978 0.640696
5.38199 0.6188
5.39419 0.616043
5.40639 0.627764
5.4186 0.63904
5.4308 0.661689
5.44301 0.667975
5.45521 0.643917
5.46742 0.628079
5.47962 0.625907
5.49182 0.621685
5.50403 0.635378
5.51623 0.64367
5.52844 0.64719
5.54064 0.662008
5.55284 0.665288
5.56505 0.649891
5.57725 0.633282
5.58946 0.6177
5.60166 0.59472
5.61386 0.583727
5.62607 0.5917
5.63827 0.585682
5.65048 0.545295
5.66268 0.506773
5.67488 0.490555
5.68709 0.491178
5.69929 0.502666
5.7115 0.514719
5.7237 0.510178
5.7359 0.50785
5.74811 0.521096
5.76031 0.539854
5.77252 0.546297
5.78472 0.532934
5.79692 0.517982
5.80913 0.513111
5.82133 0.527381
5.83354 0.557645
5.84574 0.56249
5.85794 0.530181
5.87015 0.519887
5.88235 0.526404
5.89456 0.52623
5.90676 0.537651
5.91897 0.563256
5.93117 0.589266
5.94337 0.588416
5.95558 0.560559
5.96778 0.535031
5.97999 0.514441
5.99219 0.503235
6.00439 0.510093
6.0166 0.524974
6.0288 0.538599
6.04101 0.55438
6.05321 0.568469
6.06541 0.55154
6.07762 0.513742
6.08982 0.474312
6.10203 0.461028
6.11423 0.484924
6.12643 0.524614
6.13864 0.562675
6.15084 0.578138
6.16305 0.569981
6.17525 0.53499
6.18745 0.495833
6.19966 0.48448
6.21186 0.49238
6.22407 0.493959
6.23627 0.491885
6.24847 0.480579
6.26068 0.476082
6.27288 0.497196
6.28509 0.530302
6.29729 0.535637
6.30949 0.507543
6.3217 0.489352
6.3339 0.49469
6.34611 0.513922
6.35831 0.532988
6.37052 0.541473
6.38272 0.537932
6.39492 0.541395
6.40713 0.555827
6.41933 0.574251
6.43154 0.580411
6.44374 0.560627
6.45594 0.540378
6.46815 0.544533
6.48035 0.564459
6.49256 0.56502
6.50476 0.546943
6.51696 0.5303
6.52917 0.517486
6.54137 0.511853
6.55358 0.532738
6.56578 0.559027
6.57798 0.563592
6.59019 0.55597
6.60239 0.553354
6.6146 0.558868
6.6268 0.546443
6.639 0.512825
6.65121 0.507027
6.66341 0.532618
6.67562 0.546494
6.68782 0.546176
6.70002 0.543637
6.71223 0.5398
6.72443 0.541139
6.73664 0.556463
6.74884 0.576073
6.76104 0.58971
6.77325 0.587366
6.78545 0.586978
6.79766 0.586114
6.80986 0.576731
6.82206 0.572777
6.83427 0.578924
6.84647 0.586687
6.85868 0.590591
6.87088 0.590438
6.88309 0.599082
6.89529 0.626845
6.90749 0.650146
6.9197 0.661914
6.9319 0.677108
6.94411 0.690192
6.95631 0.692844
6.96851 0.678621
6.98072 0.645238
6.99292 0.603788
7.00513 0.566754
7.01733 0.536887
7.02953 0.514424
7.04174 0.503903
7.05394 0.493161
7.06615 0.480361
7.07835 0.476542
7.09055 0.478435
7.10276 0.47914
7.11496 0.473033
7.12717 0.452451
7.13937 0.433628
7.15157 0.42319
7.16378 0.417646
7.17598 0.422173
7.18819 0.433259
7.20039 0.431961
7.21259 0.429832
7.2248 0.422005
7.237 0.402667
7.24921 0.388132
7.26141 0.379466
7.27361 0.373161
7.28582 0.376262
7.29802 0.390403
7.31023 0.405478
7.32243 0.417488
7.33464 0.418673
7.34684 0.412386
7.35904 0.410561
7.37125 0.416866
7.38345 0.43403
7.39566 0.457786
7.40786 0.471285
7.42006 0.465665
7.43227 0.467714
7.44447 0.475012
7.45668 0.476416
7.46888 0.476487
7.48108 0.47044
7.49329 0.453161
7.50549 0.445282
7.5177 0.464882
7.5299 0.49521
7.5421 0.530019
7.55431 0.557498
7.56651 0.570833
7.57872 0.584313
7.59092 0.586558
7.60312 0.569108
7.61533 0.562279
7.62753 0.564472
7.63974 0.556936
7.65194 0.536355
7.66414 0.503539
7.67635 0.47828
7.68855 0.475654
7.70076 0.469627
7.71296 0.460403
7.72516 0.460138
7.73737 0.468513
7.74957 0.460161
7.76178 0.440485
7.77398 0.431414
7.78619 0.414212
7.79839 0.399514
7.81059 0.407527
7.8228 0.416112
7.835 0.415559
7.84721 0.413065
7.85941 0.41924
7.87161 0.434651
7.88382 0.451419
7.89602 0.457259
7.90823 0.459453
7.92043 0.471816
7.93263 0.500965
7.94484 0.516432
7.95704 0.507459
7.96925 0.505689
7.98145 0.52256
7.99365 0.519041
8.00586 0.48714
8.01806 0.462295
8.03027 0.46113
8.04247 0.481654
8.05467 0.498788
8.06688 0.500405
8.07908 0.493648
8.09129 0.482302
8.10349 0.47185
8.11569 0.47615
8.1279 0.488712
8.1401 0.487114
8.15231 0.477784
8.16451 0.467501
8.17671 0.456957
8.18892 0.45269
8.20112 0.448532
8.21333 0.447021
8.22553 0.450963
8.23773 0.447597
8.24994 0.44058
8.26214 0.442865
8.27435 0.448742
8.28655 0.444711
8.29876 0.433614
8.31096 0.417329
8.32316 0.399429
8.33537 0.396648
8.34757 0.405571
8.35978 0.416283
8.37198 0.425701
8.38418 0.432242
8.39639 0.420946
8.40859 0.402515
8.4208 0.395747
8.433 0.409132
8.4452 0.439778
8.45741 0.466384
8.46961 0.480047
8.48182 0.496979
8.49402 0.502653
8.50622 0.476795
8.51843 0.452652
8.53063 0.461825
8.54284 0.484174
8.55504 0.487448
8.56724 0.486827
8.57945 0.494267
8.59165 0.493719
8.60386 0.496184
8.61606 0.517889
8.62826 0.535646
8.64047 0.538323
8.65267 0.524845
8.66488 0.501652
8.67708 0.478053
8.68928 0.467114
8.70149 0.472063
8.71369 0.47799
8.7259 0.466172
8.7381 0.451326
8.75031 0.447085
8.76251 0.450418
8.77471 0.444326
8.78692 0.432633
8.79912 0.431669
8.81133 0.428477
8.82353 0.417062
8.83573 0.404799
8.84794 0.399986
8.86014 0.403462
8.87235 0.409123
8.88455 0.414394
8.89675 0.421977
8.90896 0.428318
8.92116 0.42169
8.93337 0.416048
8.94557 0.423023
8.95777 0.431456
8.96998 0.436515
8.98218 0.435599
8.99439 0.423681
9.00659 0.413097
9.01879 0.423192
9.031 0.46087
9.0432 0.511261
9.05541 0.543586
9.06761 0.551923
9.07981 0.550689
9.09202 0.544738
9.10422 0.53935
9.11643 0.528842
9.12863 0.517497
9.14083 0.497663
9.15304 0.484464
9.16524 0.493134
9.17745 0.50339
9.18965 0.50084
9.20186 0.492567
9.21406 0.475137
9.22626 0.446233
9.23847 0.422399
9.25067 0.409406
9.26288 0.408183
9.27508 0.409433
9.28728 0.411663
9.29949 0.412061
9.31169 0.412926
9.3239 0.422502
9.3361 0.431975
9.3483 0.4398
9.36051 0.460304
9.37271 0.467262
9.38492 0.453828
9.39712 0.445182
9.40932 0.443396
9.42153 0.451802
9.43373 0.462694
9.44594 0.453775
9.45814 0.441845
9.47034 0.433569
9.48255 0.424007
9.49475 0.420105
9.50696 0.418805
9.51916 0.417216
9.53136 0.417993
9.54357 0.429848
9.55577 0.455682
9.56798 0.471249
9.58018 0.473739
9.59238 0.47607
9.60459 0.482357
9.61679 0.486179
9.629 0.498068
9.6412 0.515957
9.6534 0.516763
9.66561 0.502728
9.67781 0.485513
9.69002 0.469755
9.70222 0.465205
9.71443 0.47557
9.72663 0.490936
9.73883 0.491257
9.75104 0.474393
9.76324 0.455867
9.77545 0.437258
9.78765 0.429515
9.79985 0.428715
9.81206 0.421336
9.82426 0.41506
9.83647 0.411595
9.84867 0.421913
9.86087 0.448197
9.87308 0.468488
9.88528 0.460924
9.89749 0.432613
9.90969 0.406925
9.92189 0.393193
9.9341 0.390487
9.9463 0.400784
9.95851 0.417658
9.97071 0.429547
9.98291 0.435463
9.99512 0.444036
10.0073 0.456555
10.0195 0.462584
10.0317 0.449935
10.0439 0.456531
10.0561 0.48426
10.0683 0.489101
10.0805 0.468918
10.0928 0.45789
10.105 0.476517
10.1172 0.503941
10.1294 0.501259
10.1416 0.485276
10.1538 0.478485
10.166 0.483033
10.1782 0.485117
10.1904 0.475311
10.2026 0.463285
10.2148 0.459668
10.227 0.461146
10.2392 0.457273
10.2514 0.450526
10.2636 0.438297
10.2758 0.418912
10.288 0.406818
10.3002 0.421054
10.3124 0.453992
10.3246 0.476587
10.3368 0.480493
10.349 0.464466
10.3612 0.443966
10.3734 0.438475
10.3856 0.439701
10.3979 0.448362
10.4101 0.459319
10.4223 0.465894
10.4345 0.48373
10.4467 0.488359
10.4589 0.460544
10.4711 0.432135
10.4833 0.425416
10.4955 0.436307
10.5077 0.453046
10.5199 0.462815
10.5321 0.468951
10.5443 0.473466
10.5565 0.481417
10.5687 0.477977
10.5809 0.455902
10.5931 0.434059
10.6053 0.431438
10.6175 0.444156
10.6297 0.467531
10.6419 0.498431
10.6541 0.519952
10.6663 0.522787
10.6785 0.50615
10.6907 0.48159
10.703 0.47351
10.7152 0.471589
10.7274 0.472554
10.7396 0.482886
10.7518 0.496409
10.764 0.502578
10.7762 0.489884
10.7884 0.471569
10.8006 0.44951
10.8128 0.427799
10.825 0.420845
10.8372 0.432583
10.8494 0.446703
10.8616 0.445034
10.8738 0.437622
10.886 0.437437
10.8982 0.444786
10.9104 0.459032
10.9226 0.472419
10.9348 0.471509
10.947 0.452623
10.9592 0.43317
10.9714 0.42729
10.9836 0.433137
10.9959 0.429833
11.0081 0.422243
11.0203 0.420212
11.0325 0.428997
11.0447 0.443513
11.0569 0.456132
11.0691 0.464025
11.0813 0.476175
11.0935 0.487621
11.1057 0.497605
11.1179 0.504965
11.1301 0.49441
11.1423 0.478564
11.1545 0.478327
11.1667 0.499899
11.1789 0.527563
11.1911 0.533782
11.2033 0.518859
11.2155 0.497581
11.2277 0.478902
11.2399 0.465774
11.2521 0.463584
11.2643 0.467035
11.2765 0.463745
11.2887 0.471756
11.301 0.490196
11.3132 0.488283
11.3254 0.46052
11.3376 0.445518
11.3498 0.451674
11.362 0.470452
11.3742 0.494861
11.3864 0.505367
11.3986 0.505473
11.4108 0.512583
11.423 0.51673
11.4352 0.510442
11.4474 0.502678
11.4596 0.507058
11.4718 0.510269
11.484 0.508456
11.4962 0.500175
11.5084 0.492201
11.5206 0.503402
11.5328 0.530077
11.545 0.558952
11.5572 0.557328
11.5694 0.528263
11.5816 0.49491
11.5938 0.472047
11.6061 0.458228
11.6183 0.461867
11.6305 0.488474
11.6427 0.519045
11.6549 0.5356
11.6671 0.541079
11.6793 0.536892
11.6915 0.520974
11.7037 0.507465
11.7159 0.507813
11.7281 0.519786
11.7403 0.518509
11.7525 0.506682
11.7647 0.508208
11.7769 0.511937
11.7891 0.508906
11.8013 0.500944
11.8135 0.502357
11.8257 0.510211
11.8379 0.519286
11.8501 0.54086
11.8623 0.561047
11.8745 0.566039
11.8867 0.564671
11.899 0.568196
11.9112 0.573067
11.9234 0.580969
11.9356 0.572468
11.9478 0.542074
11.96 0.51384
11.9722 0.495411
11.9844 0.481601
11.9966 0.480314
12.0088 0.485119
12.021 0.485919
12.0332 0.483104
12.0454 0.483572
12.0576 0.487716
12.0698 0.486705
12.082 0.475793
12.0942 0.475135
12.1064 0.498192
12.1186 0.527132
12.1308 0.535919
12.143 0.519591
12.1552 0.504085
12.1674 0.515277
12.1796 0.54184
12.1918 0.546722
12.2041 0.537406
12.2163 0.540148
12.2285 0.553614
12.2407 0.551351
12.2529 0.533634
12.2651 0.522205
12.2773 0.52834
12.2895 0.534482
12.3017 0.542178
12.3139 0.554494
12.3261 0.563461
12.3383 0.569359
12.3505 0.572298
12.3627 0.576001
12.3749 0.557914
12.3871 0.515805
12.3993 0.486121
12.4115 0.476273
12.4237 0.473291
12.4359 0.474329
12.4481 0.471561
12.4603 0.475851
12.4725 0.500944
12.4847 0.538774
12.4969 0.550492
12.5092 0.533755
12.5214 0.518516
12.5336 0.508353
12.5458 0.496045
12.558 0.487442
12.5702 0.476306
12.5824 0.467058
12.5946 0.475204
12.6068 0.497746
12.619 0.526448
12.6312 0.550429
12.6434 0.567401
12.6556 0.589211
12.6678 0.620178
12.68 0.627352
12.6922 0.610823
12.7044 0.581776
12.7166 0.528086
12.7288 0.492969
12.741 0.507963
12.7532 0.527921
12.7654 0.516803
12.7776 0.496522
12.7898 0.4959
12.8021 0.524834
12.8143 0.565388
12.8265 0.59122
12.8387 0.592658
12.8509 0.58909
12.8631 0.598991
12.8753 0.60843
12.8875 0.602888
12.8997 0.604178
12.9119 0.611282
12.9241 0.598389
12.9363 0.572663
12.9485 0.546962
12.9607 0.523404
12.9729 0.493298
12.9851 0.462986
12.9973 0.456195
13.0095 0.466934
13.0217 0.48429
13.0339 0.510257
13.0461 0.55184
13.0583 0.604547
13.0705 0.630748
13.0827 0.602786
13.0949 0.560694
13.1072 0.539253
13.1194 0.529548
13.1316 0.52169
13.1438 0.53078
13.156 0.542156
13.1682 0.542423
13.1804 0.519571
13.1926 0.498462
13.2048 0.511949
13.217 0.542586
13.2292 0.557691
13.2414 0.558695
13.2536 0.553699
13.2658 0.561483
13.278 0.585545
13.2902 0.598071
13.3024 0.603537
13.3146 0.612292
13.3268 0.611315
13.339 0.592205
13.3512 0.568327
13.3634 0.554637
13.3756 0.555313
13.3878 0.559451
13.4 0.548651
13.4123 0.526922
13.4245 0.503557
13.4367 0.479908
13.4489 0.474575
13.4611 0.489573
13.4733 0.507662
13.4855 0.499747
13.4977 0.473457
13.5099 0.458699
13.5221 0.462162
13.5343 0.472808
13.5465 0.490445
13.5587 0.503777
13.5709 0.502707
13.5831 0.50315
13.5953 0.501258
13.6075 0.479113
13.6197 0.456924
13.6319 0.449514
13.6441 0.455417
13.6563 0.476019
13.6685 0.50265
13.6807 0.507943
13.6929 0.488533
13.7052 0.475412
13.7174 0.469713
13.7296 0.465797
13.7418 0.466096
13.754 0.473236
13.7662 0.486789
13.7784 0.492379
13.7906 0.499991
13.8028 0.519908
13.815 0.538003
13.8272 0.537716
13.8394 0.517046
13.8516 0.488962
13.8638 0.468236
13.876 0.456682
13.8882 0.443832
13.9004 0.43386
13.9126 0.444266
13.9248 0.473901
13.937 0.497841
13.9492 0.501707
13.9614 0.487634
13.9736 0.46434
13.9858 0.45284
13.998 0.454541
14.0103 0.448574
14.0225 0.45417
14.0347 0.470404
14.0469 0.469255
14.0591 0.462455
14.0713 0.462695
14.0835 0.466842
14.0957 0.468911
14.1079 0.462449
14.1201 0.460656
14.1323 0.464452
14.1445 0.456641
14.1567 0.444211
14.1689 0.440595
14.1811 0.44873
14.1933 0.463347
14.2055 0.477886
14.2177 0.477736
14.2299 0.471428
14.2421 0.465494
14.2543 0.461252
14.2665 0.462648
14.2787 0.470294
14.2909 0.47464
14.3031 0.469447
14.3154 0.464181
14.3276 0.462708
14.3398 0.457132
14.352 0.450161
14.3642 0.438116
14.3764 0.423207
14.3886 0.422132
14.4008 0.437497
14.413 0.452491
14.4252 0.465675
14.4374 0.488761
14.4496 0.508
14.4618 0.514811
14.474 0.51108
14.4862 0.499586
14.4984 0.48451
14.5106 0.471341
14.5228 0.464865
14.535 0.466181
14.5472 0.473677
14.5594 0.496889
14.5716 0.524208
14.5838 0.522931
14.596 0.501149
14.6082 0.4852
14.6205 0.482082
14.6327 0.479106
14.6449 0.472636
14.6571 0.469978
14.6693 0.469855
14.6815 0.468939
14.6937 0.465208
14.7059 0.467883
14.7181 0.479541
14.7303 0.487632
14.7425 0.473984
14.7547 0.454175
14.7669 0.466322
14.7791 0.505339
14.7913 0.52761
14.8035 0.513172
14.8157 0.497101
14.8279 0.485144
14.8401 0.467741
14.8523 0.447954
14.8645 0.437769
14.8767 0.442528
14.8889 0.450919
14.9011 0.461779
14.9134 0.474022
14.9256 0.473436
14.9378 0.462918
14.95 0.451054
14.9622 0.451942
14.9744 0.472543
14.9866 0.496001
14.9988 0.513557
15.011 0.52991
15.0232 0.549328
15.0354 0.566907
15.0476 0.569523
15.0598 0.555999
15.072 0.528676
15.0842 0.495177
15.0964 0.4706
15.1086 0.458487
15.1208 0.458226
15.133 0.457789
15.1452 0.450842
15.1574 0.44034
15.1696 0.43693
15.1818 0.441121
15.194 0.453391
15.2062 0.475118
15.2185 0.487045
15.2307 0.49059
15.2429 0.504123
15.2551 0.523609
15.2673 0.552779
15.2795 0.582784
15.2917 0.571396
15.3039 0.527028
15.3161 0.493758
15.3283 0.48796
15.3405 0.502999
15.3527 0.514428
15.3649 0.502979
15.3771 0.490302
15.3893 0.490829
15.4015 0.496505
15.4137 0.500854
15.4259 0.506624
15.4381 0.505367
15.4503 0.501114
15.4625 0.487927
15.4747 0.469526
15.4869 0.460792
15.4991 0.458648
15.5113 0.451029
15.5236 0.443777
15.5358 0.441011
15.548 0.453202
15.5602 0.47533
15.5724 0.487758
15.5846 0.490722
15.5968 0.492412
15.609 0.483052
15.6212 0.453209
15.6334 0.417701
15.6456 0.401788
15.6578 0.411718
15.67 0.432284
15.6822 0.451188
15.6944 0.471508
15.7066 0.479526
15.7188 0.471583
15.731 0.476901
15.7432 0.484016
15.7554 0.463867
15.7676 0.445667
15.7798 0.450541
15.792 0.454311
15.8042 0.452464
15.8165 0.455461
15.8287 0.458199
15.8409 0.473307
15.8531 0.482376
15.8653 0.475023
15.8775 0.464282
15.8897 0.44558
15.9019 0.43683
15.9141 0.451711
15.9263 0.468164
15.9385 0.47059
15.9507 0.457509
15.9629 0.447076
15.9751 0.448645
15.9873 0.461409
15.9995 0.470674
16.0117 0.477744
16.0239 0.478953
16.0361 0.461407
16.0483 0.434211
16.0605 0.414089
16.0727 0.41431
16.0849 0.420429
16.0971 0.416895
16.1093 0.401418
16.1216 0.375106
16.1338 0.359514
16.146 0.366568
16.1582 0.383262
16.1704 0.40317
16.1826 0.419268
16.1948 0.428976
16.207 0.434378
16.2192 0.433848
16.2314 0.430071
16.2436 0.413504
16.2558 0.396717
16.268 0.396831
16.2802 0.40607
16.2924 0.421486
16.3046 0.446306
16.3168 0.472618
16.329 0.493508
16.3412 0.515898
16.3534 0.518939
16.3656 0.489219
16.3778 0.452284
16.39 0.43741
16.4022 0.445079
16.4144 0.462048
16.4267 0.474241
16.4389 0.480231
16.4511 0.487383
16.4633 0.485645
16.4755 0.47668
16.4877 0.484461
16.4999 0.494616
16.5121 0.475112
16.5243 0.446571
16.5365 0.439242
16.5487 0.450293
16.5609 0.450252
16.5731 0.436071
16.5853 0.435509
16.5975 0.452029
16.6097 0.467801
16.6219 0.468554
16.6341 0.462527
16.6463 0.465884
16.6585 0.458799
16.6707 0.44491
16.6829 0.441187
16.6951 0.428088
16.7073 0.408879
16.7196 0.407368
16.7318 0.427021
16.744 0.445222
16.7562 0.446299
16.7684 0.436081
16.7806 0.417582
16.7928 0.412665
16.805 0.423787
16.8172 0.433565
16.8294 0.441211
16.8416 0.455416
16.8538 0.468894
16.866 0.476636
16.8782 0.48354
16.8904 0.501939
16.9026 0.527609
16.9148 0.542181
16.927 0.53322
16.9392 0.514614
16.9514 0.50017
16.9636 0.491393
16.9758 0.484982
16.988 0.474681
17.0002 0.467708
17.0124 0.462173
17.0247 0.463954
17.0369 0.467231
17.0491 0.462285
17.0613 0.452483
17.0735 0.432943
17.0857 0.407601
17.0979 0.389929
17.1101 0.386133
17.1223 0.393118
17.1345 0.394114
17.1467 0.394303
17.1589 0.394935
17.1711 0.385913
17.1833 0.37719
17.1955 0.371345
17.2077 0.364764
17.2199 0.363054
17.2321 0.369223
17.2443 0.375323
17.2565 0.375163
17.2687 0.374871
17.2809 0.380017
17.2931 0.380554
17.3053 0.37282
17.3175 0.359828
17.3298 0.359472
17.342 0.377238
17.3542 0.395307
17.3664 0.412716
17.3786 0.411177
17.3908 0.395067
17.403 0.386851
17.4152 0.391555
17.4274 0.401903
17.4396 0.406197
17.4518 0.402933
17.464 0.403467
17.4762 0.409396
17.4884 0.411869
17.5006 0.416827
17.5128 0.428307
17.525 0.430827
17.5372 0.411299
17.5494 0.386442
17.5616 0.381863
17.5738 0.382477
17.586 0.376359
17.5982 0.369739
17.6104 0.364282
17.6227 0.362421
17.6349 0.36187
17.6471 0.366366
17.6593 0.376385
17.6715 0.381084
17.6837 0.379362
17.6959 0.372026
17.7081 0.364166
17.7203 0.361399
17.7325 0.361238
17.7447 0.362797
17.7569 0.367085
17.7691 0.365201
17.7813 0.358165
17.7935 0.358699
17.8057 0.375141
17.8179 0.401891
17.8301 0.436346
17.8423 0.46429
17.8545 0.461175
17.8667 0.437609
17.8789 0.420037
17.8911 0.417959
17.9033 0.419522
17.9155 0.418606
17.9278 0.433725
17.94 0.464971
17.9522 0.482243
17.9644 0.460603
17.9766 0.416081
17.9888 0.386945
18.001 0.379497
18.0132 0.375147
18.0254 0.378304
18.0376 0.398392
18.0498 0.423348
18.062 0.427227
18.0742 0.393712
18.0864 0.353333
18.0986 0.33555
18.1108 0.338013
18.123 0.338869
18.1352 0.327171
18.1474 0.317061
18.1596 0.314824
18.1718 0.322426
18.184 0.330862
18.1962 0.321503
18.2084 0.299825
18.2206 0.282861
18.2329 0.276625
18.2451 0.278598
18.2573 0.287855
18.2695 0.296656
18.2817 0.304748
18.2939 0.322361
18.3061 0.347214
18.3183 0.360893
18.3305 0.364941
18.3427 0.374475
18.3549 0.397873
18.3671 0.415075
18.3793 0.400576
18.3915 0.388596
18.4037 0.399062
18.4159 0.4079
18.4281 0.403114
18.4403 0.402498
18.4525 0.421769
18.4647 0.445513
18.4769 0.456456
18.4891 0.462717
18.5013 0.472485
18.5135 0.464899
18.5258 0.445925
18.538 0.436811
18.5502 0.426732
18.5624 0.410656
18.5746 0.395151
18.5868 0.390175
18.599 0.390611
18.6112 0.384842
18.6234 0.366051
18.6356 0.353117
18.6478 0.348897
18.66 0.34067
18.6722 0.327174
18.6844 0.316025
18.6966 0.306676
18.7088 0.301806
18.721 0.311195
18.7332 0.326656
18.7454 0.335998
18.7576 0.346046
18.7698 0.349019
18.782 0.334572
18.7942 0.315643
18.8064 0.311653
18.8186 0.325195
18.8309 0.345676
18.8431 0.360154
18.8553 0.364685
18.8675 0.366597
18.8797 0.356487
18.8919 0.32871
18.9041 0.313858
18.9163 0.314055
18.9285 0.319693
18.9407 0.33124
18.9529 0.342671
18.9651 0.345687
18.9773 0.345787
18.9895 0.348553
19.0017 0.351822
19.0139 0.352012
19.0261 0.346511
19.0383 0.341722
19.0505 0.344549
19.0627 0.361514
19.0749 0.37826
19.0871 0.379655
19.0993 0.372543
19.1115 0.365658
19.1237 0.365746
19.136 0.371137
19.1482 0.375811
19.1604 0.374544
19.1726 0.366444
19.1848 0.35511
19.197 0.352784
19.2092 0.35759
19.2214 0.354278
19.2336 0.344088
19.2458 0.336027
19.258 0.330748
19.2702 0.324143
19.2824 0.315495
19.2946 0.314192
19.3068 0.323647
19.319 0.336512
19.3312 0.351636
19.3434 0.364415
19.3556 0.368302
19.3678 0.367946
19.38 0.366587
19.3922 0.362477
19.4044 0.354848
19.4166 0.346534
19.4289 0.350619
19.4411 0.366614
19.4533 0.399626
19.4655 0.441599
19.4777 0.443491
19.4899 0.418868
19.5021 0.404777
19.5143 0.400774
19.5265 0.395444
19.5387 0.391334
19.5509 0.392496
19.5631 0.391456
19.5753 0.387141
19.5875 0.384534
19.5997 0.38974
19.6119 0.399232
19.6241 0.402582
19.6363 0.416158
19.6485 0.446591
19.6607 0.467482
19.6729 0.465354
19.6851 0.438906
19.6973 0.405662
19.7095 0.388048
19.7217 0.393653
19.734 0.400254
19.7462 0.393612
19.7584 0.389152
19.7706 0.395504
19.7828 0.402717
19.795 0.396019
19.8072 0.392067
19.8194 0.397172
19.8316 0.397199
19.8438 0.384622
19.856 0.386802
19.8682 0.404368
19.8804 0.415063
19.8926 0.421731
19.9048 0.4374
19.917 0.459285
19.9292 0.471461
19.9414 0.481774
19.9536 0.48555
19.9658 0.464745
19.978 0.438578
19.9902 0.437109
20.0024 0.452568
20.0146 0.465258
20.0268 0.472857
20.0391 0.478389
20.0513 0.482797
20.0635 0.468537
20.0757 0.43101
20.0879 0.403751
20.1001 0.397216
20.1123 0.396415
20.1245 0.39606
20.1367 0.401164
20.1489 0.410225
20.1611 0.420525
20.1733 0.434916
20.1855 0.449796
20.1977 0.44323
20.2099 0.42557
20.2221 0.414981
20.2343 0.407279
20.2465 0.400536
20.2587 0.397228
20.2709 0.397475
20.2831 0.404048
20.2953 0.408086
20.3075 0.404193
20.3197 0.397245
20.332 0.391454
20.3442 0.391609
20.3564 0.399906
20.3686 0.417955
20.3808 0.429754
20.393 0.428049
20.4052 0.417171
20.4174 0.404664
20.4296 0.407307
20.4418 0.425101
20.454 0.448693
20.4662 0.478011
20.4784 0.500773
20.4906 0.507292
20.5028 0.505965
20.515 0.504303
20.5272 0.506858
20.5394 0.517474
20.5516 0.522328
20.5638 0.509827
20.576 0.495354
20.5882 0.494049
20.6004 0.494845
20.6126 0.503882
20.6248 0.522895
20.6371 0.529518
20.6493 0.521153
20.6615 0.503652
20.6737 0.480328
20.6859 0.457572
20.6981 0.432299
20.7103 0.407116
20.7225 0.387445
20.7347 0.38186
20.7469 0.391117
20.7591 0.408551
20.7713 0.422875
20.7835 0.430857
20.7957 0.427439
20.8079 0.418366
20.8201 0.418669
20.8323 0.425539
20.8445 0.425986
20.8567 0.40876
20.8689 0.387099
20.8811 0.380983
20.8933 0.385719
20.9055 0.397467
20.9177 0.415996
20.9299 0.43518
20.9422 0.45249
20.9544 0.460173
20.9666 0.471532
20.9788 0.497007
20.991 0.522874
21.0032 0.54591
21.0154 0.547453
21.0276 0.534082
21.0398 0.524083
21.052 0.518069
21.0642 0.514101
21.0764 0.508558
21.0886 0.502772
21.1008 0.497013
21.113 0.499681
21.1252 0.501911
21.1374 0.498067
21.1496 0.499035
21.1618 0.507404
21.174 0.500432
21.1862 0.479046
21.1984 0.467534
21.2106 0.460362
21.2228 0.454448
21.2351 0.463547
21.2473 0.460394
21.2595 0.436903
21.2717 0.426478
21.2839 0.42854
21.2961 0.419706
21.3083 0.414137
21.3205 0.417509
21.3327 0.41381
21.3449 0.407503
21.3571 0.405474
21.3693 0.420796
21.3815 0.45352
21.3937 0.466978
21.4059 0.464281
21.4181 0.463536
21.4303 0.465175
21.4425 0.473895
21.4547 0.476333
21.4669 0.461828
21.4791 0.456109
21.4913 0.466314
21.5035 0.471212
21.5157 0.469932
21.5279 0.486371
21.5402 0.513435
21.5524 0.517517
21.5646 0.510633
21.5768 0.510244
21.589 0.512443
21.6012 0.506691
21.6134 0.493957
21.6256 0.495172
21.6378 0.520112
21.65 0.53818
21.6622 0.528052
21.6744 0.507385
21.6866 0.501844
21.6988 0.508041
21.711 0.517368
21.7232 0.525828
21.7354 0.526127
21.7476 0.516944
21.7598 0.493444
21.772 0.463059
21.7842 0.44102
21.7964 0.429051
21.8086 0.421324
21.8208 0.418169
21.833 0.427182
21.8453 0.444353
21.8575 0.451967
21.8697 0.44342
21.8819 0.440472
21.8941 0.458677
21.9063 0.481327
21.9185 0.474778
21.9307 0.456177
21.9429 0.451982
21.9551 0.459938
21.9673 0.465125
21.9795 0.467757
21.9917 0.477888
22.0039 0.497307
22.0161 0.526289
22.0283 0.547204
22.0405 0.540513
22.0527 0.519425
22.0649 0.506853
22.0771 0.509012
22.0893 0.51592
22.1015 0.5173
22.1137 0.515662
22.1259 0.518246
22.1381 0.5246
22.1504 0.533951
22.1626 0.536122
22.1748 0.519491
22.187 0.490201
22.1992 0.472722
22.2114 0.472659
22.2236 0.471935
22.2358 0.463301
22.248 0.457964
22.2602 0.46549
22.2724 0.477103
22.2846 0.472562
22.2968 0.449612
22.309 0.421365
22.3212 0.40315
22.3334 0.40417
22.3456 0.4107
22.3578 0.418251
22.37 0.420496
22.3822 0.404393
22.3944 0.380376
22.4066 0.368177
22.4188 0.366722
22.431 0.374663
22.4433 0.387523
22.4555 0.401609
22.4677 0.414481
22.4799 0.422043
22.4921 0.43059
22.5043 0.443362
22.5165 0.457004
22.5287 0.459405
22.5409 0.440201
22.5531 0.421979
22.5653 0.418617
22.5775 0.43192
22.5897 0.452381
22.6019 0.480526
22.6141 0.51264
22.6263 0.533309
22.6385 0.52044
22.6507 0.498574
22.6629 0.485822
22.6751 0.475242
22.6873 0.468336
22.6995 0.450569
22.7117 0.424842
22.7239 0.41924
22.7361 0.43665
22.7484 0.451485
22.7606 0.452201
22.7728 0.44158
22.785 0.43773
22.7972 0.453493
22.8094 0.480851
22.8216 0.490503
22.8338 0.466731
22.846 0.429133
22.8582 0.39572
22.8704 0.374512
22.8826 0.363874
22.8948 0.357658
22.907 0.365557
22.9192 0.380589
22.9314 0.392865
22.9436 0.405212
22.9558 0.410284
22.968 0.404164
22.9802 0.396614
22.9924 0.387383
23.0046 0.382755
23.0168 0.395252
23.029 0.415062
23.0412 0.418094
23.0535 0.424898
23.0657 0.440445
23.0779 0.44747
23.0901 0.444873
23.1023 0.43604
23.1145 0.432578
23.1267 0.441571
23.1389 0.458182
23.1511 0.474564
23.1633 0.48062
23.1755 0.477817
23.1877 0.47027
23.1999 0.46245
23.2121 0.446834
23.2243 0.428893
23.2365 0.418508
23.2487 0.416857
23.2609 0.428543
23.2731 0.44178
23.2853 0.432462
23.2975 0.414627
23.3097 0.406757
23.3219 0.403377
23.3341 0.396715
23.3464 0.381968
23.3586 0.369878
23.3708 0.375317
23.383 0.392319
23.3952 0.393144
23.4074 0.371645
23.4196 0.353793
23.4318 0.349562
23.444 0.353588
23.4562 0.361128
23.4684 0.375484
23.4806 0.390539
23.4928 0.389969
23.505 0.376711
23.5172 0.364118
23.5294 0.372383
23.5416 0.404707
23.5538 0.436991
23.566 0.443317
23.5782 0.426648
23.5904 0.419164
23.6026 0.420002
23.6148 0.418427
23.627 0.427103
23.6392 0.441637
23.6515 0.441892
23.6637 0.428192
23.6759 0.414807
23.6881 0.409994
23.7003 0.424427
23.7125 0.456862
23.7247 0.482813
23.7369 0.481067
23.7491 0.467108
23.7613 0.461641
23.7735 0.455533
23.7857 0.450097
23.7979 0.447661
23.8101 0.449236
23.8223 0.459007
23.8345 0.460082
23.8467 0.440515
23.8589 0.40691
23.8711 0.377843
23.8833 0.363762
23.8955 0.355205
23.9077 0.347094
23.9199 0.342829
23.9321 0.344019
23.9443 0.347872
23.9566 0.35414
23.9688 0.357544
23.981 0.361427
23.9932 0.368829
24.0054 0.377106
24.0176 0.385047
24.0298 0.385185
24.042 0.38365
24.0542 0.391653
24.0664 0.406314
24.0786 0.418486
24.0908 0.42249
24.103 0.415189
24.1152 0.41093
24.1274 0.420013
24.1396 0.433771
24.1518 0.452661
24.164 0.486883
24.1762 0.525257
24.1884 0.54258
24.2006 0.532655
24.2128 0.503618
24.225 0.481585
24.2372 0.465104
24.2495 0.434395
24.2617 0.399234
24.2739 0.378495
24.2861 0.36771
24.2983 0.356631
24.3105 0.35125
24.3227 0.349498
24.3349 0.3432
24.3471 0.340346
24.3593 0.342394
24.3715 0.344454
24.3837 0.356242
24.3959 0.380781
24.4081 0.400641
24.4203 0.396528
24.4325 0.383956
24.4447 0.382168
24.4569 0.386753
24.4691 0.388464
24.4813 0.3883
24.4935 0.390641
24.5057 0.397504
24.5179 0.412786
24.5301 0.425101
24.5423 0.437955
24.5546 0.449396
24.5668 0.457093
24.579 0.466745
24.5912 0.475819
24.6034 0.475794
24.6156 0.482696
24.6278 0.51388
24.64 0.551009
24.6522 0.563298
24.6644 0.542301
24.6766 0.513502
24.6888 0.503563
24.701 0.5137
24.7132 0.524824
24.7254 0.524624
24.7376 0.5141
24.7498 0.507018
24.762 0.512691
24.7742 0.507896
24.7864 0.493367
24.7986 0.496405
24.8108 0.510921
24.823 0.507463
24.8352 0.474847
24.8474 0.450406
24.8597 0.446113
24.8719 0.435903
24.8841 0.416866
24.8963 0.398012
24.9085 0.389982
24.9207 0.398621
24.9329 0.411129
24.9451 0.410221
24.9573 0.402543
24.9695 0.407743
24.9817 0.421604
24.9939 0.429605
25.0061 0.428929
25.0183 0.430889
25.0305 0.454589
25.0427 0.488313
25.0549 0.494742
25.0671 0.478068
25.0793 0.461766
25.0915 0.443132
25.1037 0.437565
25.1159 0.45439
25.1281 0.478363
25.1403 0.497805
25.1526 0.511077
25.1648 0.520795
25.177 0.5251
25.1892 0.532727
25.2014 0.532456
25.2136 0.508028
25.2258 0.48256
25.238 0.466537
25.2502 0.459341
25.2624 0.472372
25.2746 0.488882
25.2868 0.494903
25.299 0.503282
25.3112 0.507519
25.3234 0.504729
25.3356 0.496968
25.3478 0.485033
25.36 0.478368
25.3722 0.478092
25.3844 0.472957
25.3966 0.471494
25.4088 0.4715
25.421 0.46599
25.4332 0.459102
25.4454 0.458968
25.4577 0.455116
25.4699 0.436932
25.4821 0.407245
25.4943 0.381016
25.5065 0.374559
25.5187 0.387754
25.5309 0.409244
25.5431 0.424992
25.5553 0.43371
25.5675 0.450699
25.5797 0.485282
25.5919 0.51966
25.6041 0.532541
25.6163 0.525174
25.6285 0.504361
25.6407 0.493533
25.6529 0.483946
25.6651 0.484126
25.6773 0.495045
25.6895 0.509512
25.7017 0.521164
25.7139 0.520419
25.7261 0.51643
25.7383 0.522885
25.7505 0.545775
25.7628 0.570009
25.775 0.574997
25.7872 0.561254
25.7994 0.550452
25.8116 0.543101
25.8238 0.530422
25.836 0.519073
25.8482 0.509676
25.8604 0.498824
25.8726 0.485296
25.8848 0.489181
25.897 0.489193
25.9092 0.46086
25.9214 0.433881
25.9336 0.431337
25.9458 0.42021
25.958 0.393866
25.9702 0.381782
25.9824 0.389444
25.9946 0.408434
26.0068 0.413609
26.019 0.396694
26.0312 0.385053
26.0434 0.390455
26.0557 0.403006
26.0679 0.410538
26.0801 0.413665
26.0923 0.419977
26.1045 0.42775
26.1167 0.437304
26.1289 0.450445
26.1411 0.45857
26.1533 0.462232
26.1655 0.464612
26.1777 0.461206
26.1899 0.463925
26.2021 0.474495
26.2143 0.477209
26.2265 0.482437
26.2387 0.508311
26.2509 0.541104
26.2631 0.552581
26.2753 0.54465
26.2875 0.518006
26.2997 0.483805
26.3119 0.471893
26.3241 0.487716
26.3363 0.506518
26.3485 0.509234
26.3608 0.501895
26.373 0.489882
26.3852 0.483965
26.3974 0.477154
26.4096 0.465903
26.4218 0.456621
26.434 0.447476
26.4462 0.438604
26.4584 0.436536
26.4706 0.430601
26.4828 0.415921
26.495 0.408436
26.5072 0.425201
26.5194 0.444224
26.5316 0.449408
26.5438 0.446664
26.556 0.438173
26.5682 0.422592
26.5804 0.397894
26.5926 0.376672
26.6048 0.369141
26.617 0.374773
26.6292 0.388502
26.6414 0.3995
26.6536 0.402562
26.6659 0.417477
26.6781 0.446621
26.6903 0.4707
26.7025 0.487721
26.7147 0.50308
26.7269 0.521498
26.7391 0.532772
26.7513 0.524498
26.7635 0.511323
26.7757 0.509848
26.7879 0.522479
26.8001 0.54176
26.8123 0.556261
26.8245 0.551832
26.8367 0.540123
26.8489 0.530231
26.8611 0.518308
26.8733 0.495027
26.8855 0.472671
26.8977 0.472237
26.9099 0.49712
26.9221 0.519005
26.9343 0.525102
26.9465 0.516524
26.9588 0.491805
26.971 0.470434
26.9832 0.451497
26.9954 0.440923
27.0076 0.447395
27.0198 0.462064
27.032 0.464864
27.0442 0.447549
27.0564 0.417037
27.0686 0.403517
27.0808 0.399921
27.093 0.38582
27.1052 0.379241
27.1174 0.393386
27.1296 0.406556
27.1418 0.409171
27.154 0.417903
27.1662 0.439005
27.1784 0.470299
27.1906 0.497559
27.2028 0.510024
27.215 0.515134
27.2272 0.52023
27.2394 0.524552
27.2516 0.52512
27.2639 0.523182
27.2761 0.522238
27.2883 0.534338
27.3005 0.556722
27.3127 0.578054
27.3249 0.577309
27.3371 0.556901
27.3493 0.530744
27.3615 0.510472
27.3737 0.512235
27.3859 0.517011
27.3981 0.504794
27.4103 0.490988
27.4225 0.489053
27.4347 0.491428
27.4469 0.493349
27.4591 0.492085
27.4713 0.472818
27.4835 0.439553
27.4957 0.413045
27.5079 0.399531
27.5201 0.403838
27.5323 0.414187
27.5445 0.410073
27.5567 0.395949
27.569 0.38569
27.5812 0.380719
27.5934 0.383518
27.6056 0.402091
27.6178 0.421418
27.63 0.425758
27.6422 0.419894
27.6544 0.419894
27.6666 0.439404
27.6788 0.471077
27.691 0.497848
27.7032 0.510241
27.7154 0.504394
27.7276 0.491753
27.7398 0.496607
27.752 0.524186
27.7642 0.539931
27.7764 0.527358
27.7886 0.514764
27.8008 0.523268
27.813 0.54737
27.8252 0.568841
27.8374 0.573261
27.8496 0.570765
27.8619 0.558664
27.8741 0.538484
27.8863 0.533541
27.8985 0.538276
27.9107 0.542255
27.9229 0.543854
27.9351 0.559194
27.9473 0.573937
27.9595 0.574744
27.9717 0.565925
27.9839 0.558612
27.9961 0.540738
28.0083 0.510365
28.0205 0.483084
28.0327 0.456659
28.0449 0.432886
28.0571 0.428003
28.0693 0.441955
28.0815 0.451742
28.0937 0.44282
28.1059 0.429909
28.1181 0.426875
28.1303 0.428895
28.1425 0.429443
28.1547 0.426047
28.167 0.425518
28.1792 0.441309
28.1914 0.475023
28.2036 0.523785
28.2158 0.567735
28.228 0.564023
28.2402 0.521277
28.2524 0.486679
28.2646 0.491513
28.2768 0.526066
28.289 0.541761
28.3012 0.538196
28.3134 0.545694
28.3256 0.565445
28.3378 0.582697
28.35 0.599443
28.3622 0.613535
28.3744 0.613104
28.3866 0.594065
28.3988 0.572004
28.411 0.559396
28.4232 0.559059
28.4354 0.546926
28.4476 0.513964
28.4598 0.484631
28.4721 0.469068
28.4843 0.467209
28.4965 0.46871
28.5087 0.469782
28.5209 0.476466
28.5331 0.478176
28.5453 0.474221
28.5575 0.457973
28.5697 0.421241
28.5819 0.392233
28.5941 0.387731
28.6063 0.405386
28.6185 0.42923
28.6307 0.438458
28.6429 0.42733
28.6551 0.396346
28.6673 0.362221
28.6795 0.341663
28.6917 0.347768
28.7039 0.378642
28.7161 0.408406
28.7283 0.430534
28.7405 0.451702
28.7527 0.462889
28.7649 0.469004
28.7772 0.47955
28.7894 0.501898
28.8016 0.523812
28.8138 0.520631
28.826 0.495282
28.8382 0.489831
28.8504 0.522906
28.8626 0.568343
28.8748 0.597299
28.887 0.59373
28.8992 0.570189
28.9114 0.53818
28.9236 0.515516
28.9358 0.512664
28.948 0.525679
28.9602 0.533265
28.9724 0.520542
28.9846 0.491324
28.9968 0.468688
29.009 0.463261
29.0212 0.467296
29.0334 0.470794
29.0456 0.471759
29.0578 0.451963
29.0701 0.414233
29.0823 0.377605
29.0945 0.363711
29.1067 0.375621
29.1189 0.394098
29.1311 0.406334
29.1433 0.40069
29.1555 0.38204
29.1677 0.368603
29.1799 0.369702
29.1921 0.379092
29.2043 0.388415
29.2165 0.390977
29.2287 0.387649
29.2409 0.386057
29.2531 0.396272
29.2653 0.415277
29.2775 0.431228
29.2897 0.448386
29.3019 0.467167
29.3141 0.481695
29.3263 0.494833
29.3385 0.501623
29.3507 0.50599
29.3629 0.51428
29.3752 0.522139
29.3874 0.534057
29.3996 0.543238
29.4118 0.528297
29.424 0.500938
29.4362 0.484055
29.4484 0.475569
29.4606 0.473234
29.4728 0.493696
29.485 0.521444
29.4972 0.519505
29.5094 0.493385
29.5216 0.470268
29.5338 0.469877
29.546 0.486736
29.5582 0.487123
29.5704 0.468186
29.5826 0.461597
29.5948 0.471826
29.607 0.466737
29.6192 0.44007
29.6314 0.411784
29.6436 0.401147
29.6558 0.416842
29.668 0.433596
29.6803 0.442072
29.6925 0.445424
29.7047 0.44408
29.7169 0.446866
29.7291 0.457155
29.7413 0.46853
29.7535 0.471687
29.7657 0.462482
29.7779 0.464815
29.7901 0.477428
29.8023 0.471201
29.8145 0.463714
29.8267 0.482059
29.8389 0.512899
29.8511 0.531987
29.8633 0.525345
29.8755 0.507671
29.8877 0.497499
29.8999 0.51075
29.9121 0.542587
29.9243 0.554074
29.9365 0.543089
29.9487 0.536205
29.9609 0.549121
29.9732 0.563185
29.9854 0.564995
29.9976 0.55358
30.0098 0.548539
30.022 0.560251
30.0342 0.568493
30.0464 0.552089
30.0586 0.522472
30.0708 0.508041
30.083 0.502653
30.0952 0.480023
30.1074 0.454739
30.1196 0.450434
30.1318 0.460477
30.144 0.465303
30.1562 0.445477
30.1684 0.422423
30.1806 0.411649
30.1928 0.413112
30.205 0.411948
30.2172 0.397678
30.2294 0.385885
30.2416 0.392523
30.2538 0.409756
30.266 0.42034
30.2783 0.432686
30.2905 0.455778
30.3027 0.472458
30.3149 0.481852
30.3271 0.487109
30.3393 0.503049
30.3515 0.525007
30.3637 0.527907
30.3759 0.520794
30.3881 0.535323
30.4003 0.563063
30.4125 0.572108
30.4247 0.565936
30.4369 0.57405
30.4491 0.60222
30.4613 0.626817
30.4735 0.618448
30.4857 0.58462
30.4979 0.556978
30.5101 0.549517
30.5223 0.546627
30.5345 0.527253
30.5467 0.515297
30.5589 0.522523
30.5711 0.547988
30.5834 0.570645
30.5956 0.559234
30.6078 0.527315
30.62 0.498789
30.6322 0.477945
30.6444 0.452831
30.6566 0.428587
30.6688 0.420767
30.681 0.418496
30.6932 0.413181
30.7054 0.413168
30.7176 0.415556
30.7298 0.414285
30.742 0.416594
30.7542 0.425346
30.7664 0.43076
30.7786 0.430678
30.7908 0.435752
30.803 0.45335
30.8152 0.477026
30.8274 0.508846
30.8396 0.542179
30.8518 0.56256
30.864 0.562698
30.8763 0.555058
30.8885 0.568884
30.9007 0.593298
30.9129 0.60192
30.9251 0.599317
30.9373 0.605278
30.9495 0.633904
30.9617 0.663716
30.9739 0.662663
30.9861 0.63005
30.9983 0.610976
31.0105 0.614241
31.0227 0.628088
31.0349 0.636852
31.0471 0.620014
31.0593 0.584671
31.0715 0.570942
31.0837 0.572977
31.0959 0.561193
31.1081 0.546589
31.1203 0.530357
31.1325 0.511432
31.1447 0.495232
31.1569 0.475799
31.1691 0.471496
31.1814 0.484049
31.1936 0.471981
31.2058 0.422177
31.218 0.379958
31.2302 0.369308
31.2424 0.381611
31.2546 0.401154
31.2668 0.419144
31.279 0.448828
31.2912 0.485613
31.3034 0.500297
31.3156 0.506886
31.3278 0.52235
31.34 0.540174
31.3522 0.541199
31.3644 0.529937
31.3766 0.526998
31.3888 0.543114
31.401 0.563767
31.4132 0.566915
31.4254 0.551174
31.4376 0.553914
31.4498 0.576913
31.462 0.58804
31.4742 0.592323
31.4865 0.591563
31.4987 0.581558
31.5109 0.576704
31.5231 0.580356
31.5353 0.565011
31.5475 0.536195
31.5597 0.520263
31.5719 0.525138
31.5841 0.544514
31.5963 0.560133
31.6085 0.556654
31.6207 0.52956
31.6329 0.491758
31.6451 0.470517
31.6573 0.469987
31.6695 0.49011
31.6817 0.527924
31.6939 0.545922
31.7061 0.532475
31.7183 0.502371
31.7305 0.460135
31.7427 0.422011
31.7549 0.405314
31.7671 0.407493
31.7794 0.414741
31.7916 0.424707
31.8038 0.446582
31.816 0.466393
31.8282 0.470932
31.8404 0.460986
31.8526 0.4475
31.8648 0.450464
31.877 0.476236
31.8892 0.511042
31.9014 0.54068
31.9136 0.546417
31.9258 0.539428
31.938 0.551045
31.9502 0.574769
31.9624 0.594483
31.9746 0.608796
31.9868 0.624777
31.999 0.635338
32.0112 0.621793
32.0234 0.597805
32.0356 0.587929
32.0478 0.594989
32.06 0.622193
32.0722 0.647813
32.0845 0.637012
32.0967 0.597413
32.1089 0.565208
32.1211 0.548846
32.1333 0.546692
32.1455 0.54681
32.1577 0.536697
32.1699 0.52817
32.1821 0.519255
32.1943 0.51279
32.2065 0.516597
32.2187 0.511453
32.2309 0.500032
32.2431 0.494701
32.2553 0.476558
32.2675 0.447868
32.2797 0.43081
32.2919 0.424813
32.3041 0.434185
32.3163 0.45409
32.3285 0.460513
32.3407 0.459859
32.3529 0.470551
32.3651 0.480205
32.3773 0.487462
32.3896 0.509583
32.4018 0.558041
32.414 0.606257
32.4262 0.640491
32.4384 0.647271
32.4506 0.624381
32.4628 0.597998
32.475 0.585849
32.4872 0.589594
32.4994 0.606372
32.5116 0.626713
32.5238 0.63842
32.536 0.646883
32.5482 0.659894
32.5604 0.663948
32.5726 0.64444
32.5848 0.623097
32.597 0.624195
32.6092 0.639207
32.6214 0.647002
32.6336 0.633814
32.6458 0.61114
32.658 0.580881
32.6702 0.552461
32.6825 0.55363
32.6947 0.556384
32.7069 0.543738
32.7191 0.535786
32.7313 0.530135
32.7435 0.502812
32.7557 0.480782
32.7679 0.479382
32.7801 0.468745
32.7923 0.446819
32.8045 0.438053
32.8167 0.45734
32.8289 0.48833
32.8411 0.512317
32.8533 0.520031
32.8655 0.532551
32.8777 0.558978
32.8899 0.555716
32.9021 0.528321
32.9143 0.530391
32.9265 0.558672
32.9387 0.59464
32.9509 0.631898
32.9631 0.64744
32.9753 0.639684
32.9876 0.648444
32.9998 0.684918
33.012 0.710604
33.0242 0.731263
33.0364 0.732881
33.0486 0.705467
33.0608 0.685275
33.073 0.680306
33.0852 0.672008
33.0974 0.646644
33.1096 0.621102
33.1218 0.615366
33.134 0.642904
33.1462 0.684132
33.1584 0.719294
33.1706 0.7327
33.1828 0.69576
33.195 0.634769
33.2072 0.591304
33.2194 0.565025
33.2316 0.546363
33.2438 0.523667
33.256 0.490323
33.2682 0.460146
33.2804 0.445795
33.2927 0.443276
33.3049 0.439223
33.3171 0.434922
33.3293 0.436963
33.3415 0.4514
33.3537 0.459912
33.3659 0.43718
33.3781 0.410161
33.3903 0.40857
33.4025 0.444313
33.4147 0.49288
33.4269 0.523829
33.4391 0.537646
33.4513 0.547663
33.4635 0.565985
33.4757 0.58875
33.4879 0.5993
33.5001 0.594139
33.5123 0.596991
33.5245 0.61269
33.5367 0.627342
33.5489 0.628345
33.5611 0.641219
33.5733 0.647094
33.5856 0.631272
33.5978 0.621981
33.61 0.630989
33.6222 0.652843
33.6344 0.680627
33.6466 0.701723
33.6588 0.684493
33.671 0.637467
33.6832 0.59824
33.6954 0.566989
33.7076 0.537996
33.7198 0.525406
33.732 0.5336
33.7442 0.551652
33.7564 0.551982
33.7686 0.520189
33.7808 0.477414
33.793 0.452732
33.8052 0.451604
33.8174 0.461957
33.8296 0.462445
33.8418 0.455666
33.854 0.441914
33.8662 0.420727
33.8784 0.396169
33.8907 0.381427
33.9029 0.385995
33.9151 0.406929
33.9273 0.438841
33.9395 0.485412
33.9517 0.542545
33.9639 0.592785
33.9761 0.620595
33.9883 0.626513
34.0005 0.6264
34.0127 0.627814
34.0249 0.637312
34.0371 0.646695
34.0493 0.66354
34.0615 0.671864
34.0737 0.661011
34.0859 0.641149
34.0981 0.62395
34.1103 0.629445
34.1225 0.649826
34.1347 0.658169
34.1469 0.648077
34.1591 0.628334
34.1713 0.621173
34.1835 0.632357
34.1958 0.63964
34.208 0.618113
34.2202 0.588866
34.2324 0.569032
34.2446 0.553842
34.2568 0.53527
34.269 0.504223
34.2812 0.475468
34.2934 0.460433
34.3056 0.440699
34.3178 0.416067
34.33 0.40401
34.3422 0.412302
34.3544 0.42341
34.3666 0.425671
34.3788 0.415581
34.391 0.404248
34.4032 0.392071
34.4154 0.390342
34.4276 0.406395
34.4398 0.432253
34.452 0.464837
34.4642 0.50314
34.4764 0.532327
34.4887 0.549665
34.5009 0.561177
34.5131 0.573347
34.5253 0.59385
34.5375 0.610479
34.5497 0.616693
34.5619 0.605082
34.5741 0.585767
34.5863 0.582285
34.5985 0.604711
34.6107 0.638442
34.6229 0.670788
34.6351 0.702326
34.6473 0.716884
34.6595 0.686072
34.6717 0.643571
34.6839 0.618554
34.6961 0.593246
34.7083 0.564384
34.7205 0.551856
34.7327 0.56034
34.7449 0.57356
34.7571 0.582878
34.7693 0.569771
34.7815 0.533416
34.7938 0.504354
34.806 0.495773
34.8182 0.496425
34.8304 0.486555
34.8426 0.466342
34.8548 0.450424
34.867 0.442957
34.8792 0.441437
34.8914 0.443794
34.9036 0.434175
34.9158 0.422426
34.928 0.424884
34.9402 0.436392
34.9524 0.455044
34.9646 0.465794
34.9768 0.473147
34.989 0.50294
35.0012 0.554681
35.0134 0.61903
35.0256 0.668635
35.0378 0.690171
35.05 0.697435
35.0622 0.675478
35.0744 0.638811
35.0866 0.635402
35.0989 0.676135
35.1111 0.727979
35.1233 0.749685
35.1355 0.733824
35.1477 0.700008
35.1599 0.666536
35.1721 0.6399
35.1843 0.632833
35.1965 0.641331
35.2087 0.64176
35.2209 0.636627
35.2331 0.639921
35.2453 0.634597
35.2575 0.598677
35.2697 0.563114
35.2819 0.554151
35.2941 0.553466
35.3063 0.543242
35.3185 0.530728
35.3307 0.51908
35.3429 0.503084
35.3551 0.474318
35.3673 0.445543
35.3795 0.436707
35.3918 0.448152
35.404 0.460572
35.4162 0.462117
35.4284 0.464491
35.4406 0.473092
35.4528 0.486317
35.465 0.508389
35.4772 0.5454
35.4894 0.556812
35.5016 0.532164
35.5138 0.521909
35.526 0.539641
35.5382 0.571335
35.5504 0.616639
35.5626 0.64691
35.5748 0.656866
35.587 0.660468
35.5992 0.655836
35.6114 0.64578
35.6236 0.641199
35.6358 0.643772
35.648 0.655911
35.6602 0.660779
35.6724 0.659198
35.6846 0.661599
35.6969 0.648618
35.7091 0.622723
35.7213 0.61689
35.7335 0.630039
35.7457 0.636747
35.7579 0.62782
35.7701 0.614513
35.7823 0.596136
35.7945 0.596539
35.8067 0.607256
35.8189 0.602135
35.8311 0.569897
35.8433 0.517401
35.8555 0.468482
35.8677 0.439021
35.8799 0.43747
35.8921 0.460009
35.9043 0.476251
35.9165 0.474803
35.9287 0.469049
35.9409 0.482587
35.9531 0.519826
35.9653 0.533298
35.9775 0.517226
35.9897 0.507163
36.002 0.514067
36.0142 0.535023
36.0264 0.568554
36.0386 0.599808
36.0508 0.626572
36.063 0.644088
36.0752 0.646556
36.0874 0.63155
36.0996 0.626376
36.1118 0.63593
36.124 0.651212
36.1362 0.671085
36.1484 0.691999
36.1606 0.721505
36.1728 0.753747
36.185 0.773414
36.1972 0.768281
36.2094 0.745963
36.2216 0.73184
36.2338 0.730976
36.246 0.726733
36.2582 0.710955
36.2704 0.697957
36.2826 0.679025
36.2948 0.637887
36.3071 0.601403
36.3193 0.59197
36.3315 0.600635
36.3437 0.605003
36.3559 0.591614
36.3681 0.551925
36.3803 0.506058
36.3925 0.479267
36.4047 0.481884
36.4169 0.503728
36.4291 0.526423
36.4413 0.538673
36.4535 0.544091
36.4657 0.545404
36.4779 0.549038
36.4901 0.552648
36.5023 0.552812
36.5145 0.560716
36.5267 0.564625
36.5389 0.56916
36.5511 0.588782
36.5633 0.619117
36.5755 0.639773
36.5877 0.650368
36.6 0.644344
36.6122 0.637495
36.6244 0.651538
36.6366 0.678806
36.6488 0.692058
36.661 0.695455
36.6732 0.686953
36.6854 0.677863
36.6976 0.680062
36.7098 0.684265
36.722 0.678834
36.7342 0.665885
36.7464 0.654635
36.7586 0.652548
36.7708 0.646603
36.783 0.64347
36.7952 0.632185
36.8074 0.60577
36.8196 0.591629
36.8318 0.595219
36.844 0.599072
36.8562 0.59407
36.8684 0.589092
36.8806 0.586026
36.8928 0.579647
36.9051 0.565589
36.9173 0.53603
36.9295 0.497958
36.9417 0.472202
36.9539 0.467239
36.9661 0.466079
36.9783 0.452518
36.9905 0.441502
37.0027 0.442947
37.0149 0.460854
37.0271 0.495215
37.0393 0.527873
37.0515 0.551589
37.0637 0.565636
37.0759 0.572229
37.0881 0.578413
37.1003 0.585018
37.1125 0.586625
37.1247 0.600323
37.1369 0.634005
37.1491 0.671517
37.1613 0.687597
37.1735 0.696638
37.1857 0.70905
37.1979 0.715674
37.2102 0.7113
37.2224 0.709956
37.2346 0.733754
37.2468 0.747966
37.259 0.729459
37.2712 0.710603
37.2834 0.700008
37.2956 0.692904
37.3078 0.67436
37.32 0.645882
37.3322 0.622148
37.3444 0.612741
37.3566 0.623607
37.3688 0.631759
37.381 0.6131
37.3932 0.582009
37.4054 0.566099
37.4176 0.560359
37.4298 0.558058
37.442 0.55231
37.4542 0.546835
37.4664 0.537617
37.4786 0.510752
37.4908 0.48017
37.5031 0.467071
37.5153 0.465918
37.5275 0.458816
37.5397 0.446464
37.5519 0.444747
37.5641 0.458953
37.5763 0.487547
37.5885 0.537736
37.6007 0.595962
37.6129 0.636204
37.6251 0.664944
37.6373 0.708583
37.6495 0.739171
37.6617 0.737849
37.6739 0.740778
37.6861 0.736797
37.6983 0.716188
37.7105 0.718856
37.7227 0.733192
37.7349 0.748633
37.7471 0.766357
37.7593 0.776528
37.7715 0.770564
37.7837 0.751566
37.7959 0.729136
37.8082 0.707336
37.8204 0.702015
37.8326 0.719228
37.8448 0.734576
37.857 0.710116
37.8692 0.670744
37.8814 0.644447
37.8936 0.620268
37.9058 0.588486
37.918 0.573051
37.9302 0.572951
37.9424 0.560258
37.9546 0.530228
37.9668 0.501413
37.979 0.490468
37.9912 0.493618
38.0034 0.485458
38.0156 0.455591
38.0278 0.427632
38.04 0.424656
38.0522 0.435646
38.0644 0.456163
38.0766 0.481744
38.0888 0.505822
38.101 0.534863
38.1133 0.574492
38.1255 0.627267
38.1377 0.68508
38.1499 0.72175
38.1621 0.70041
38.1743 0.659779
38.1865 0.656199
38.1987 0.673481
38.2109 0.693209
38.2231 0.718337
38.2353 0.735535
38.2475 0.743716
38.2597 0.744516
38.2719 0.753685
38.2841 0.765301
38.2963 0.758471
38.3085 0.736139
38.3207 0.704276
38.3329 0.683686
38.3451 0.710028
38.3573 0.776134
38.3695 0.797867
38.3817 0.745152
38.3939 0.686027
38.4062 0.663115
38.4184 0.658825
38.4306 0.643259
38.4428 0.625839
38.455 0.617074
38.4672 0.616368
38.4794 0.608621
38.4916 0.590275
38.5038 0.557213
38.516 0.521426
38.5282 0.491979
38.5404 0.480203
38.5526 0.480119
38.5648 0.490302
38.577 0.502622
38.5892 0.505257
38.6014 0.498709
38.6136 0.502464
38.6258 0.529405
38.638 0.568276
38.6502 0.608736
38.6624 0.654858
38.6746 0.701343
38.6868 0.73012
38.699 0.728916
38.7113 0.716303
38.7235 0.718166
38.7357 0.766238
38.7479 0.838965
38.7601 0.865299
38.7723 0.835461
38.7845 0.795926
38.7967 0.771777
38.8089 0.765294
38.8211 0.767629
38.8333 0.768448
38.8455 0.764722
38.8577 0.729893
38.8699 0.683036
38.8821 0.675046
38.8943 0.680888
38.9065 0.683389
38.9187 0.669435
38.9309 0.628482
38.9431 0.59248
38.9553 0.577356
38.9675 0.584695
38.9797 0.592571
38.9919 0.567671
39.0041 0.522796
39.0164 0.495354
39.0286 0.485606
39.0408 0.473969
39.053 0.465682
39.0652 0.480292
39.0774 0.512412
39.0896 0.546829
39.1018 0.580476
39.114 0.600067
39.1262 0.594027
39.1384 0.587221
39.1506 0.610596
39.1628 0.649963
39.175 0.665879
39.1872 0.658611
39.1994 0.66343
39.2116 0.688658
39.2238 0.733629
39.236 0.788797
39.2482 0.82455
39.2604 0.810129
39.2726 0.787538
39.2848 0.786451
39.297 0.806389
39.3093 0.832142
39.3215 0.846194
39.3337 0.854202
39.3459 0.867007
39.3581 0.889011
39.3703 0.892384
39.3825 0.842765
39.3947 0.777846
39.4069 0.742065
39.4191 0.736942
39.4313 0.76611
39.4435 0.813612
39.4557 0.81135
39.4679 0.732397
39.4801 0.651967
39.4923 0.612
39.5045 0.598703
39.5167 0.593635
39.5289 0.572317
39.5411 0.540573
39.5533 0.521143
39.5655 0.53142
39.5777 0.551589
39.5899 0.55382
39.6021 0.547402
39.6144 0.546589
39.6266 0.553478
39.6388 0.559864
39.651 0.564513
39.6632 0.58692
39.6754 0.617392
39.6876 0.629743
39.6998 0.647915
39.712 0.683398
39.7242 0.715542
39.7364 0.752842
39.7486 0.808917
39.7608 0.852864
39.773 0.859658
39.7852 0.841417
39.7974 0.849221
39.8096 0.895194
39.8218 0.947469
39.834 0.962723
39.8462 0.936003
39.8584 0.885747
39.8706 0.837913
39.8828 0.821535
39.895 0.811347
39.9072 0.795305
39.9195 0.797144
39.9317 0.812576
39.9439 0.81398
39.9561 0.817244
39.9683 0.812926
39.9805 0.779204
39.9927 0.751593
40.0049 0.725323
40.0171 0.689187
40.0293 0.665178
40.0415 0.655869
40.0537 0.653922
40.0659 0.661869
40.0781 0.678093
40.0903 0.685345
40.1025 0.692201
40.1147 0.700432
40.1269 0.704972
40.1391 0.731621
40.1513 0.754308
40.1635 0.73948
40.1757 0.722827
40.1879 0.735621
40.2001 0.788668
40.2124 0.854137
40.2246 0.879872
40.2368 0.888982
40.249 0.924287
40.2612 0.971504
40.2734 1.01991
40.2856 1.07379
40.2978 1.11641
40.31 1.12724
40.3222 1.12691
40.3344 1.09804
40.3466 1.07028
40.3588 1.06751
40.371 1.05966
40.3832 1.0471
40.3954 1.02516
40.4076 0.987539
40.4198 0.957772
40.432 0.920704
40.4442 0.888122
40.4564 0.863213
40.4686 0.824204
40.4808 0.796489
40.493 0.793076
40.5052 0.792727
40.5175 0.793045
40.5297 0.785632
40.5419 0.753354
40.5541 0.71506
40.5663 0.681733
40.5785 0.653012
40.5907 0.618814
40.6029 0.589733
40.6151 0.598772
40.6273 0.638671
40.6395 0.664548
40.6517 0.653891
40.6639 0.637976
40.6761 0.642107
40.6883 0.673691
40.7005 0.723001
40.7127 0.761584
40.7249 0.797374
40.7371 0.873173
40.7493 0.972912
40.7615 1.02479
40.7737 0.996881
40.7859 0.94157
40.7981 0.928997
40.8103 0.954535
40.8226 0.990263
40.8348 1.02718
40.847 1.04
40.8592 1.02638
40.8714 1.01844
40.8836 1.02309
40.8958 1.00463
40.908 0.963053
40.9202 0.924297
40.9324 0.892028
40.9446 0.882709
40.9568 0.895111
40.969 0.905486
40.9812 0.883807
40.9934 0.855085
41.0056 0.836182
41.0178 0.830139
41.03 0.828102
41.0422 0.808104
41.0544 0.75479
41.0666 0.705879
41.0788 0.702926
41.091 0.720487
41.1032 0.708884
41.1155 0.687924
41.1277 0.682021
41.1399 0.671928
41.1521 0.666163
41.1643 0.676648
41.1765 0.678223
41.1887 0.677868
41.2009 0.694018
41.2131 0.747847
41.2253 0.814537
41.2375 0.849625
41.2497 0.882306
41.2619 0.93653
41.2741 0.964727
41.2863 0.951201
41.2985 0.965001
41.3107 1.03985
41.3229 1.13811
41.3351 1.21673
41.3473 1.24112
41.3595 1.20946
41.3717 1.16672
41.3839 1.15068
41.3961 1.12054
41.4083 1.04789
41.4206 1.00993
41.4328 1.0617
41.445 1.1258
41.4572 1.0756
41.4694 0.982031
41.4816 0.931481
41.4938 0.929953
41.506 0.968183
41.5182 1.01822
41.5304 1.02163
41.5426 0.979137
41.5548 0.903576
41.567 0.829899
41.5792 0.773921
41.5914 0.72725
41.6036 0.692892
41.6158 0.661674
41.628 0.618149
41.6402 0.584716
41.6524 0.570591
41.6646 0.57521
41.6768 0.599604
41.689 0.631012
41.7012 0.648225
41.7134 0.661244
41.7257 0.700257
41.7379 0.755268
41.7501 0.805353
41.7623 0.856183
41.7745 0.905923
41.7867 0.938219
41.7989 0.958651
41.8111 1.01433
41.8233 1.10606
41.8355 1.17412
41.8477 1.18127
41.8599 1.18742
41.8721 1.21838
41.8843 1.23908
41.8965 1.26477
41.9087 1.28998
41.9209 1.28494
41.9331 1.24314
41.9453 1.20562
41.9575 1.2054
41.9697 1.21904
41.9819 1.224
41.9941 1.21183
42.0063 1.16897
42.0186 1.12993
42.0308 1.0817
42.043 1.01707
42.0552 0.957944
42.0674 0.904791
42.0796 0.850238
42.0918 0.808381
42.104 0.776662
42.1162 0.727714
42.1284 0.686859
42.1406 0.655415
42.1528 0.618871
42.165 0.590225
42.1772 0.582691
42.1894 0.589171
42.2016 0.609867
42.2138 0.653016
42.226 0.708794
42.2382 0.765942
42.2504 0.809309
42.2626 0.847071
42.2748 0.914726
42.287 0.998093
42.2992 1.04799
42.3114 1.05848
42.3237 1.05499
42.3359 1.07992
42.3481 1.11716
42.3603 1.13248
42.3725 1.14428
42.3847 1.19304
42.3969 1.22293
42.4091 1.22606
42.4213 1.23575
42.4335 1.22821
42.4457 1.21065
42.4579 1.19349
42.4701 1.20113
42.4823 1.24697
42.4945 1.27663
42.5067 1.25673
42.5189 1.22875
42.5311 1.2051
42.5433 1.17722
42.5555 1.15592
42.5677 1.16965
42.5799 1.17165
42.5921 1.11897
42.6043 1.03523
42.6165 0.952476
42.6288 0.883988
42.641 0.807285
42.6532 0.727088
42.6654 0.682738
42.6776 0.661125
42.6898 0.650004
42.702 0.669376
42.7142 0.690207
42.7264 0.704329
42.7386 0.732214
42.7508 0.775817
42.763 0.80584
42.7752 0.823866
42.7874 0.894969
42.7996 1.00434
42.8118 1.09766
42.824 1.15219
42.8362 1.17111
42.8484 1.18621
42.8606 1.21679
42.8728 1.26325
42.885 1.30932
42.8972 1.33878
42.9094 1.36071
42.9216 1.39438
42.9339 1.41496
42.9461 1.40785
42.9583 1.38465
42.9705 1.36152
42.9827 1.33916
42.9949 1.31664
43.0071 1.28076
43.0193 1.26817
43.0315 1.28867
43.0437 1.29591
43.0559 1.27994
43.0681 1.25666
43.0803 1.22364
43.0925 1.18345
43.1047 1.11813
43.1169 1.01584
43.1291 0.910267
43.1413 0.83443
43.1535 0.798788
43.1657 0.776624
43.1779 0.743354
43.1901 0.695951
43.2023 0.64987
43.2145 0.636543
43.2268 0.653221
43.239 0.696368
43.2512 0.749573
43.2634 0.794812
43.2756 0.848593
43.2878 0.916245
43.3 0.98815
43.3122 1.06947
43.3244 1.14686
43.3366 1.20746
43.3488 1.2404
43.361 1.26584
43.3732 1.32113
43.3854 1.40891
43.3976 1.49801
43.4098 1.53063
43.422 1.52227
43.4342 1.52439
43.4464 1.54681
43.4586 1.55349
43.4708 1.53293
43.483 1.51045
43.4952 1.51015
43.5074 1.50401
43.5196 1.49638
43.5319 1.51533
43.5441 1.55385
43.5563 1.56574
43.5685 1.54948
43.5807 1.53396
43.5929 1.52644
43.6051 1.4994
43.6173 1.45445
43.6295 1.39425
43.6417 1.3424
43.6539 1.31563
43.6661 1.26812
43.6783 1.17259
43.6905 1.05672
43.7027 0.945271
43.7149 0.873872
43.7271 0.841615
43.7393 0.817271
43.7515 0.82338
43.7637 0.880843
43.7759 0.963757
43.7881 1.03621
43.8003 1.11055
43.8125 1.20298
43.8247 1.30437
43.837 1.39071
43.8492 1.45639
43.8614 1.50924
43.8736 1.55083
43.8858 1.56804
43.898 1.58466
43.9102 1.61161
43.9224 1.63902
43.9346 1.64587
43.9468 1.63266
43.959 1.61635
43.9712 1.6006
43.9834 1.55986
43.9956 1.51922
44.0078 1.51088
44.02 1.50937
44.0322 1.4903
44.0444 1.47594
44.0566 1.46849
44.0688 1.4626
44.081 1.45343
44.0932 1.44037
44.1054 1.42516
44.1176 1.4271
44.1299 1.43972
44.1421 1.41776
44.1543 1.35492
44.1665 1.29249
44.1787 1.24004
44.1909 1.19928
44.2031 1.1602
44.2153 1.08701
44.2275 0.966448
44.2397 0.840356
44.2519 0.758904
44.2641 0.757446
44.2763 0.822094
44.2885 0.912476
44.3007 1.01399
44.3129 1.10787
44.3251 1.19219
44.3373 1.28937
44.3495 1.40259
44.3617 1.51341
44.3739 1.59705
44.3861 1.61083
44.3983 1.591
44.4105 1.59004
44.4227 1.61834
44.435 1.65283
44.4472 1.67155
44.4594 1.68176
44.4716 1.68175
44.4838 1.66149
44.496 1.65082
44.5082 1.67797
44.5204 1.69651
44.5326 1.665
44.5448 1.63701
44.557 1.65001
44.5692 1.66801
44.5814 1.6627
44.5936 1.66485
44.6058 1.70454
44.618 1.74179
44.6302 1.73148
44.6424 1.711
44.6546 1.70536
44.6668 1.69622
44.679 1.68375
44.6912 1.66033
44.7034 1.60213
44.7156 1.52995
44.7278 1.44447
44.7401 1.31289
44.7523 1.1485
44.7645 0.990535
44.7767 0.909295
44.7889 0.947618
44.8011 1.08414
44.8133 1.28242
44.8255 1.44618
44.8377 1.53864
44.8499 1.58438
44.8621 1.61191
44.8743 1.64879
44.8865 1.69089
44.8987 1.72057
44.9109 1.71926
44.9231 1.70506
44.9353 1.71055
44.9475 1.7311
44.9597 1.74285
44.9719 1.7472
44.9841 1.75518
44.9963 1.76696
45.0085 1.75865
45.0207 1.74292
45.033 1.751
45.0452 1.77077
45.0574 1.77523
45.0696 1.76425
45.0818 1.74989
45.094 1.7391
45.1062 1.73728
45.1184 1.74324
45.1306 1.75651
45.1428 1.7599
45.155 1.74502
45.1672 1.73191
45.1794 1.72941
45.1916 1.72736
45.2038 1.72353
45.216 1.72381
45.2282 1.71448
45.2404 1.6803
45.2526 1.62034
45.2648 1.53429
45.277 1.38983
45.2892 1.2047
45.3014 1.13415
45.3136 1.27192
45.3258 1.46688
45.3381 1.60262
45.3503 1.68108
45.3625 1.7228
45.3747 1.74468
45.3869 1.75813
45.3991 1.76058
45.4113 1.75679
45.4235 1.75063
45.4357 1.75188
45.4479 1.76
45.4601 1.76103
45.4723 1.7585
45.4845 1.75876
45.4967 1.7631
45.5089 1.77072
45.5211 1.77464
45.5333 1.7697
45.5455 1.7638
45.5577 1.76269
45.5699 1.76486
45.5821 1.76469
45.5943 1.76376
45.6065 1.76595
45.6187 1.76773
45.6309 1.76436
45.6432 1.76415
45.6554 1.77084
45.6676 1.77631
45.6798 1.77079
45.692 1.76166
45.7042 1.75812
45.7164 1.75911
45.7286 1.7574
45.7408 1.75215
45.753 1.74999
45.7652 1.73585
45.7774 1.70251
45.7896 1.65247
45.8018 1.5627
45.814 1.4408
45.8262 1.43769
45.8384 1.53846
45.8506 1.62601
45.8628 1.70237
45.875 1.75568
45.8872 1.7725
45.8994 1.76903
45.9116 1.76661
45.9238 1.76827
45.9361 1.76742
45.9483 1.76316
45.9605 1.76356
45.9727 1.76811
45.9849 1.77185
45.9971 1.77224
46.0093 1.7662
46.0215 1.75917
46.0337 1.76128
46.0459 1.76692
46.0581 1.76654
46.0703 1.76478
46.0825 1.7642
46.0947 1.76613
46.1069 1.7724
46.1191 1.7781
46.1313 1.77465
46.1435 1.76882
46.1557 1.76787
46.1679 1.76944
46.1801 1.76831
46.1923 1.76641
46.2045 1.76576
46.2167 1.76537
46.2289 1.76346
46.2412 1.76055
46.2534 1.75577
46.2656 1.75048
46.2778 1.74956
46.29 1.75376
46.3022 1.76321
46.3144 1.75752
46.3266 1.71427
46.3388 1.67554
46.351 1.70166
46.3632 1.73994
46.3754 1.75651
46.3876 1.75434
46.3998 1.75045
46.412 1.75608
46.4242 1.76706
46.4364 1.77465
46.4486 1.77803
46.4608 1.77491
46.473 1.76914
46.4852 1.76698
46.4974 1.7666
46.5096 1.76576
46.5218 1.76543
46.534 1.76727
46.5463 1.77028
46.5585 1.77081
46.5707 1.77014
46.5829 1.77069
46.5951 1.77181
46.6073 1.77148
46.6195 1.77047
46.6317 1.77042
46.6439 1.77059
46.6561 1.76839
46.6683 1.76503
46.6805 1.76414
46.6927 1.76531
46.7049 1.76768
46.7171 1.76863
46.7293 1.76715
46.7415 1.76567
46.7537 1.76593
46.7659 1.76724
46.7781 1.76978
46.7903 1.77015
46.8025 1.76517
46.8147 1.76233
46.8269 1.76466
46.8392 1.75317
46.8514 1.70433
46.8636 1.66809
46.8758 1.70258
46.888 1.74088
46.9002 1.76183
46.9124 1.76503
46.9246 1.76317
46.9368 1.76382
46.949 1.76571
46.9612 1.76798
46.9734 1.77069
46.9856 1.77078
46.9978 1.76927
47.01 1.76859
47.0222 1.76889
47.0344 1.76965
47.0466 1.77011
47.0588 1.76969
47.071 1.76913
47.0832 1.76907
47.0954 1.76866
47.1076 1.76785
47.1198 1.767
47.132 1.76738
47.1443 1.76859
47.1565 1.76923
47.1687 1.76918
47.1809 1.76904
47.1931 1.76921
47.2053 1.76941
47.2175 1.76941
47.2297 1.76951
47.2419 1.76974
47.2541 1.76928
47.2663 1.7682
47.2785 1.76707
47.2907 1.76641
47.3029 1.76612
47.3151 1.76548
47.3273 1.76512
47.3395 1.76587
47.3517 1.77081
47.3639 1.77511
47.3761 1.76729
47.3883 1.75526
47.4005 1.75421
47.4127 1.75807
47.4249 1.7629
47.4371 1.76749
47.4494 1.77055
47.4616 1.77056
47.4738 1.76986
47.486 1.77015
47.4982 1.7705
47.5104 1.77028
47.5226 1.7695
47.5348 1.76894
47.547 1.76859
47.5592 1.76814
47.5714 1.76762
47.5836 1.76752
47.5958 1.76789
47.608 1.7689
47.6202 1.76997
47.6324 1.77024
47.6446 1.77006
47.6568 1.76911
47.669 1.76805
47.6812 1.76817
47.6934 1.7689
47.7056 1.76928
47.7178 1.76934
47.73 1.76921
47.7423 1.76916
47.7545 1.76904
47.7667 1.7686
47.7789 1.76816
47.7911 1.76838
47.8033 1.7696
47.8155 1.77035
47.8277 1.76991
47.8399 1.76906
47.8521 1.76773
47.8643 1.76549
47.8765 1.76169
47.8887 1.75681
47.9009 1.75493
47.9131 1.75757
47.9253 1.76145
47.9375 1.76555
47.9497 1.76834
47.9619 1.76854
47.9741 1.76823
47.9863 1.76984
47.9985 1.7717
48.0107 1.77098
48.0229 1.76857
48.0351 1.76766
48.0474 1.76807
48.0596 1.76858
48.0718 1.76886
48.084 1.76912
48.0962 1.76916
48.1084 1.76871
48.1206 1.76833
48.1328 1.76863
48.145 1.76911
48.1572 1.76925
48.1694 1.76899
48.1816 1.76857
48.1938 1.76822
48.206 1.76804
48.2182 1.76821
48.2304 1.76905
48.2426 1.77
48.2548 1.77018
48.267 1.7696
48.2792 1.76861
48.2914 1.76828
48.3036 1.76936
48.3158 1.7706
48.328 1.77114
48.3402 1.77094
48.3525 1.76954
48.3647 1.76726
48.3769 1.76428
48.3891 1.76175
48.4013 1.76018
48.4135 1.75344
48.4257 1.7553
48.4379 1.76642
48.4501 1.76818
48.4623 1.76801
48.4745 1.76737
48.4867 1.76745
48.4989 1.76804
48.5111 1.76827
48.5233 1.76846
48.5355 1.76887
48.5477 1.76928
48.5599 1.76928
48.5721 1.76897
48.5843 1.7687
48.5965 1.7685
48.6087 1.76851
48.6209 1.76875
48.6331 1.76903
48.6454 1.76918
48.6576 1.76913
48.6698 1.7691
48.682 1.7691
48.6942 1.76907
48.7064 1.7689
48.7186 1.76862
48.7308 1.76852
48.743 1.76859
48.7552 1.76886
48.7674 1.76937
48.7796 1.76967
48.7918 1.76949
48.804 1.7692
48.8162 1.76914
48.8284 1.76907
48.8406 1.76854
48.8528 1.76736
48.865 1.76656
48.8772 1.7674
48.8894 1.76887
48.9016 1.77002
48.9138 1.77033
48.926 1.76939
48.9382 1.76712
48.9505 1.76529
48.9627 1.7652
48.9749 1.76632
48.9871 1.76778
48.9993 1.76885
49.0115 1.76825
49.0237 1.76749
49.0359 1.76841
49.0481 1.76991
49.0603 1.77023
49.0725 1.76994
49.0847 1.76972
49.0969 1.76927
49.1091 1.76868
49.1213 1.76829
49.1335 1.76835
49.1457 1.7683
49.1579 1.76825
49.1701 1.76839
49.1823 1.76883
49.1945 1.76936
49.2067 1.76967
49.2189 1.76971
49.2311 1.76927
49.2433 1.76873
49.2556 1.76872
49.2678 1.76879
49.28 1.76852
49.2922 1.76846
49.3044 1.76899
49.3166 1.76937
49.3288 1.76913
49.341 1.769
49.3532 1.76918
49.3654 1.76918
49.3776 1.7692
49.3898 1.76928
49.402 1.7688
49.4142 1.76735
49.4264 1.76532
49.4386 1.76501
49.4508 1.77001
49.463 1.77597
49.4752 1.77408
49.4874 1.7695
49.4996 1.76745
49.5118 1.76865
49.524 1.77034
49.5362 1.76997
49.5485 1.76835
49.5607 1.76781
49.5729 1.76822
49.5851 1.76867
49.5973 1.76908
49.6095 1.76919
49.6217 1.7689
49.6339 1.76855
49.6461 1.76847
49.6583 1.76856
49.6705 1.76855
49.6827 1.76896
49.6949 1.76967
49.7071 1.77009
49.7193 1.77009
49.7315 1.76962
49.7437 1.76907
49.7559 1.76877
49.7681 1.76832
49.7803 1.76794
49.7925 1.7679
49.8047 1.76825
49.8169 1.7687
49.8291 1.76916
49.8413 1.76942
49.8536 1.76971
49.8658 1.76968
49.878 1.76862
49.8902 1.76751
49.9024 1.76739
49.9146 1.76815
49.9268 1.76964
49.939 1.77071
49.9512 1.76986
49.9634 1.76618
49.9756 1.75966
49.9878 1.75966
