0 1.91076
0.0122041 1.91076
0.0244081 1.92196
0.0366122 1.93919
0.0488162 1.9475
0.0610203 1.94325
0.0732243 1.94348
0.0854284 1.94876
0.0976324 1.94107
0.109836 1.93322
0.122041 1.92536
0.134245 1.91956
0.146449 1.92467
0.158653 1.93558
0.170857 1.93758
0.183061 1.92846
0.195265 1.90643
0.207469 1.87199
0.219673 1.84415
0.231877 1.86304
0.244081 1.95599
0.256285 2.04146
0.268489 2.03404
0.280693 1.99255
0.292897 1.94532
0.305101 1.89375
0.317305 1.79197
0.329509 1.67152
0.341713 1.57886
0.353918 1.49457
0.366122 1.37014
0.378326 1.26302
0.39053 1.22291
0.402734 1.19405
0.414938 1.16783
0.427142 1.15077
0.439346 1.15364
0.45155 1.16672
0.463754 1.1648
0.475958 1.17276
0.488162 1.21102
0.500366 1.24912
0.51257 1.29567
0.524774 1.40226
0.536978 1.55792
0.549182 1.73856
0.561386 1.88057
0.57359 1.92588
0.585794 1.8969
0.597999 1.82423
0.610203 1.77257
0.622407 1.74436
0.634611 1.73366
0.646815 1.73681
0.659019 1.73482
0.671223 1.76976
0.683427 1.82794
0.695631 1.84847
0.707835 1.82601
0.720039 1.78316
0.732243 1.74732
0.744447 1.74748
0.756651 1.76964
0.768855 1.76833
0.781059 1.73141
0.793263 1.69269
0.805467 1.67442
0.817671 1.67468
0.829876 1.71554
0.84208 1.82709
0.854284 1.92512
0.866488 1.9143
0.878692 1.83817
0.890896 1.71993
0.9031 1.62264
0.915304 1.59499
0.927508 1.61405
0.939712 1.63808
0.951916 1.64588
0.96412 1.67115
0.976324 1.70991
0.988528 1.76346
1.00073 1.81432
1.01294 1.81571
1.02514 1.76774
1.03734 1.79665
1.04955 1.92261
1.06175 2.05007
1.07396 2.16128
1.08616 2.22023
1.09836 2.16248
1.11057 2.06614
1.12277 2.00355
1.13498 1.93902
1.14718 1.91286
1.15938 1.96311
1.17159 1.99774
1.18379 1.97667
1.196 1.9176
1.2082 1.86104
1.22041 1.8457
1.23261 1.87551
1.24481 1.95265
1.25702 2.01004
1.26922 2.0074
1.28143 1.96705
1.29363 1.91552
1.30583 1.87029
1.31804 1.86905
1.33024 1.94965
1.34245 2.06246
1.35465 2.14614
1.36685 2.17686
1.37906 2.22549
1.39126 2.32035
1.40347 2.40889
1.41567 2.48487
1.42787 2.5645
1.44008 2.59251
1.45228 2.56318
1.46449 2.58065
1.47669 2.70157
1.48889 2.84779
1.5011 2.92868
1.5133 2.84966
1.52551 2.39914
1.53771 1.94808
1.54991 1.77375
1.56212 1.81337
1.57432 1.9299
1.58653 2.0086
1.59873 2.06389
1.61093 2.11291
1.62314 2.09412
1.63534 2.03825
1.64755 1.97971
1.65975 1.90473
1.67196 1.84247
1.68416 1.79393
1.69636 1.74787
1.70857 1.72891
1.72077 1.73221
1.73298 1.74492
1.74518 1.6668
1.75738 1.49756
1.76959 1.35469
1.78179 1.29542
1.794 1.30037
1.8062 1.33458
1.8184 1.36184
1.83061 1.3769
1.84281 1.38233
1.85502 1.37948
1.86722 1.41024
1.87942 1.46563
1.89163 1.46944
1.90383 1.42166
1.91604 1.37707
1.92824 1.34961
1.94044 1.33652
1.95265 1.3313
1.96485 1.3236
1.97706 1.32497
1.98926 1.31754
2.00146 1.27805
2.01367 1.21079
2.02587 1.13861
2.03808 1.08358
2.05028 1.0655
2.06248 1.06843
2.07469 1.05
2.08689 1.02515
2.0991 0.998863
2.1113 0.978472
2.12351 0.964232
2.13571 0.966753
2.14791 1.00854
2.16012 1.0935
2.17232 1.15168
2.18453 1.1442
2.19673 1.11417
2.20893 1.12783
2.22114 1.18713
2.23334 1.2388
2.24555 1.22132
2.25775 1.16781
2.26995 1.12645
2.28216 1.12026
2.29436 1.11399
2.30657 1.0976
2.31877 1.10373
2.33097 1.12496
2.34318 1.12059
2.35538 1.08025
2.36759 1.02477
2.37979 0.981761
2.39199 0.956763
2.4042 0.962614
2.4164 0.991839
2.42861 1.00379
2.44081 1.00797
2.45301 1.03011
2.46522 1.0747
2.47742 1.08694
2.48963 1.04707
2.50183 1.00034
2.51403 0.966336
2.52624 0.952075
2.53844 0.945366
2.55065 0.916742
2.56285 0.857801
2.57505 0.800988
2.58726 0.763222
2.59946 0.772498
2.61167 0.8096
2.62387 0.813829
2.63608 0.805504
2.64828 0.804714
2.66048 0.793506
2.67269 0.775972
2.68489 0.779107
2.6971 0.781482
2.7093 0.761354
2.7215 0.739694
2.73371 0.711042
2.74591 0.673717
2.75812 0.649416
2.77032 0.645594
2.78252 0.6652
2.79473 0.714704
2.80693 0.758936
2.81914 0.776769
2.83134 0.789254
2.84354 0.813582
2.85575 0.84917
2.86795 0.890502
2.88016 0.927235
2.89236 0.936432
2.90456 0.912995
2.91677 0.853341
2.92897 0.788857
2.94118 0.721392
2.95338 0.672946
2.96558 0.656053
2.97779 0.645435
2.98999 0.628896
3.0022 0.608885
3.0144 0.592722
3.0266 0.578836
3.03881 0.561966
3.05101 0.552315
3.06322 0.568155
3.07542 0.585403
3.08763 0.576972
3.09983 0.561238
3.11203 0.546425
3.12424 0.522942
3.13644 0.489381
3.14865 0.465162
3.16085 0.462919
3.17305 0.476302
3.18526 0.481651
3.19746 0.472293
3.20967 0.458168
3.22187 0.446891
3.23407 0.435856
3.24628 0.423515
3.25848 0.419071
3.27069 0.418116
3.28289 0.406653
3.29509 0.38668
3.3073 0.367969
3.3195 0.354314
3.33171 0.339299
3.34391 0.324969
3.35611 0.31281
3.36832 0.30339
3.38052 0.296646
3.39273 0.285711
3.40493 0.275037
3.41713 0.268211
3.42934 0.265428
3.44154 0.26822
3.45375 0.269471
3.46595 0.265616
3.47815 0.263589
3.49036 0.262215
3.50256 0.259939
3.51477 0.253491
3.52697 0.240361
3.53918 0.226415
3.55138 0.21208
3.56358 0.19954
3.57579 0.18999
3.58799 0.177906
3.6002 0.163274
3.6124 0.155173
3.6246 0.158047
3.63681 0.167824
3.64901 0.174278
3.66122 0.174572
3.67342 0.173485
3.68562 0.172929
3.69783 0.171156
3.71003 0.170109
3.72224 0.171675
3.73444 0.17538
3.74664 0.180778
3.75885 0.188637
3.77105 0.196267
3.78326 0.195322
3.79546 0.191336
3.80766 0.192285
3.81987 0.194221
3.83207 0.195494
3.84428 0.198559
3.85648 0.199743
3.86868 0.201489
3.88089 0.207767
3.89309 0.216303
3.9053 0.220268
3.9175 0.218583
3.9297 0.218802
3.94191 0.22585
3.95411 0.233643
3.96632 0.241222
3.97852 0.245879
3.99072 0.241995
4.00293 0.237794
4.01513 0.237643
4.02734 0.241447
4.03954 0.244517
4.05175 0.24229
4.06395 0.242783
4.07615 0.252709
4.08836 0.259237
4.10056 0.252176
4.11277 0.245763
4.12497 0.247139
4.13717 0.252804
4.14938 0.257624
4.16158 0.25862
4.17379 0.263913
4.18599 0.27818
4.19819 0.293805
4.2104 0.303714
4.2226 0.311762
4.23481 0.315968
4.24701 0.317684
4.25921 0.319163
4.27142 0.32024
4.28362 0.323232
4.29583 0.328597
4.30803 0.328134
4.32023 0.32198
4.33244 0.31859
4.34464 0.310965
4.35685 0.299853
4.36905 0.300405
4.38125 0.314617
4.39346 0.324607
4.40566 0.320932
4.41787 0.32276
4.43007 0.319244
4.44227 0.299347
4.45448 0.287232
4.46668 0.298362
4.47889 0.312045
4.49109 0.3098
4.5033 0.300257
4.5155 0.298691
4.5277 0.306289
4.53991 0.316025
4.55211 0.316547
4.56432 0.309225
4.57652 0.304057
4.58872 0.297507
4.60093 0.283181
4.61313 0.270435
4.62534 0.264726
4.63754 0.266064
4.64974 0.266971
4.66195 0.26605
4.67415 0.279255
4.68636 0.305742
4.69856 0.317156
4.71076 0.312914
4.72297 0.317231
4.73517 0.334676
4.74738 0.344334
4.75958 0.336555
4.77178 0.320065
4.78399 0.313201
4.79619 0.308431
4.8084 0.289942
4.8206 0.275299
4.8328 0.274865
4.84501 0.28083
4.85721 0.283832
4.86942 0.279931
4.88162 0.276586
4.89382 0.285434
4.90603 0.298424
4.91823 0.299136
4.93044 0.293782
4.94264 0.29308
4.95485 0.295948
4.96705 0.297106
4.97925 0.297805
4.99146 0.308159
5.00366 0.310907
5.01587 0.295441
5.02807 0.284972
5.04027 0.280817
5.05248 0.269924
5.06468 0.257283
5.07689 0.250119
5.08909 0.248408
5.10129 0.246074
5.1135 0.238744
5.1257 0.22868
5.13791 0.225006
5.15011 0.230992
5.16231 0.240617
5.17452 0.241998
5.18672 0.235282
5.19893 0.233418
5.21113 0.235857
5.22333 0.239627
5.23554 0.252054
5.24774 0.274391
5.25995 0.299577
5.27215 0.316179
5.28435 0.318787
5.29656 0.321064
5.30876 0.33114
5.32097 0.344329
5.33317 0.355835
5.34537 0.368008
5.35758 0.386926
5.36978 0.405581
5.38199 0.408815
5.39419 0.401646
5.40639 0.397868
5.4186 0.404636
5.4308 0.417148
5.44301 0.427117
5.45521 0.42542
5.46742 0.407457
5.47962 0.393215
5.49182 0.401225
5.50403 0.421513
5.51623 0.441888
5.52844 0.442012
5.54064 0.426355
5.55284 0.417199
5.56505 0.411087
5.57725 0.394265
5.58946 0.383661
5.60166 0.385006
5.61386 0.381414
5.62607 0.373709
5.63827 0.379828
5.65048 0.390284
5.66268 0.392874
5.67488 0.392365
5.68709 0.382102
5.69929 0.360216
5.7115 0.339275
5.7237 0.334343
5.7359 0.343658
5.74811 0.360258
5.76031 0.374772
5.77252 0.386844
5.78472 0.393363
5.79692 0.388367
5.80913 0.381934
5.82133 0.380688
5.83354 0.386421
5.84574 0.385524
5.85794 0.375482
5.87015 0.37005
5.88235 0.373336
5.89456 0.381026
5.90676 0.380572
5.91897 0.366548
5.93117 0.363432
5.94337 0.382266
5.95558 0.416617
5.96778 0.444096
5.97999 0.453531
5.99219 0.448589
6.00439 0.437781
6.0166 0.44153
6.0288 0.459909
6.04101 0.46716
6.05321 0.447244
6.06541 0.427253
6.07762 0.427987
6.08982 0.439553
6.10203 0.452137
6.11423 0.458896
6.12643 0.464977
6.13864 0.472288
6.15084 0.471589
6.16305 0.458628
6.17525 0.439537
6.18745 0.426996
6.19966 0.424418
6.21186 0.423553
6.22407 0.406178
6.23627 0.385307
6.24847 0.378419
6.26068 0.379246
6.27288 0.391913
6.28509 0.412113
6.29729 0.420255
6.30949 0.417325
6.3217 0.421085
6.3339 0.433458
6.34611 0.440125
6.35831 0.440364
6.37052 0.438118
6.38272 0.438056
6.39492 0.429137
6.40713 0.40905
6.41933 0.392177
6.43154 0.382592
6.44374 0.382909
6.45594 0.395999
6.46815 0.405344
6.48035 0.396892
6.49256 0.382896
6.50476 0.370799
6.51696 0.366773
6.52917 0.376287
6.54137 0.386116
6.55358 0.393485
6.56578 0.404211
6.57798 0.406939
6.59019 0.392461
6.60239 0.376518
6.6146 0.376384
6.6268 0.38717
6.639 0.39357
6.65121 0.391568
6.66341 0.392439
6.67562 0.39606
6.68782 0.394512
6.70002 0.399197
6.71223 0.410873
6.72443 0.404751
6.73664 0.373933
6.74884 0.342032
6.76104 0.317538
6.77325 0.309918
6.78545 0.323178
6.79766 0.339262
6.80986 0.33866
6.82206 0.335273
6.83427 0.347898
6.84647 0.367325
6.85868 0.37518
6.87088 0.379447
6.88309 0.39028
6.89529 0.3998
6.90749 0.397885
6.9197 0.38943
6.9319 0.374675
6.94411 0.362253
6.95631 0.363834
6.96851 0.380403
6.98072 0.404857
6.99292 0.422714
7.00513 0.427902
7.01733 0.430509
7.02953 0.435437
7.04174 0.433485
7.05394 0.427304
7.06615 0.433511
7.07835 0.455419
7.09055 0.471936
7.10276 0.462273
7.11496 0.440809
7.12717 0.426627
7.13937 0.426851
7.15157 0.439052
7.16378 0.439651
7.17598 0.417253
7.18819 0.384157
7.20039 0.356305
7.21259 0.345338
7.2248 0.349591
7.237 0.360274
7.24921 0.372832
7.26141 0.379608
7.27361 0.3747
7.28582 0.365917
7.29802 0.354219
7.31023 0.348494
7.32243 0.360854
7.33464 0.384483
7.34684 0.404939
7.35904 0.413126
7.37125 0.414493
7.38345 0.41568
7.39566 0.426548
7.40786 0.443124
7.42006 0.450856
7.43227 0.456614
7.44447 0.461211
7.45668 0.467788
7.46888 0.480429
7.48108 0.479119
7.49329 0.461203
7.50549 0.445829
7.5177 0.450052
7.5299 0.459228
7.5421 0.454827
7.55431 0.435401
7.56651 0.404873
7.57872 0.386748
7.59092 0.386307
7.60312 0.395126
7.61533 0.414208
7.62753 0.428854
7.63974 0.433254
7.65194 0.43541
7.66414 0.43259
7.67635 0.411524
7.68855 0.380202
7.70076 0.371532
7.71296 0.387204
7.72516 0.405755
7.73737 0.402886
7.74957 0.379134
7.76178 0.366032
7.77398 0.363021
7.78619 0.355134
7.79839 0.343594
7.81059 0.341089
7.8228 0.34807
7.835 0.362673
7.84721 0.377652
7.85941 0.382796
7.87161 0.382638
7.88382 0.384231
7.89602 0.388525
7.90823 0.390248
7.92043 0.394919
7.93263 0.395764
7.94484 0.389549
7.95704 0.382948
7.96925 0.38441
7.98145 0.397545
7.99365 0.42279
8.00586 0.456253
8.01806 0.473432
8.03027 0.466799
8.04247 0.446438
8.05467 0.434887
8.06688 0.443347
8.07908 0.463502
8.09129 0.481199
8.10349 0.479089
8.11569 0.468549
8.1279 0.468886
8.1401 0.477873
8.15231 0.482904
8.16451 0.484843
8.17671 0.480418
8.18892 0.457071
8.20112 0.428212
8.21333 0.412962
8.22553 0.408221
8.23773 0.40393
8.24994 0.399459
8.26214 0.392232
8.27435 0.388441
8.28655 0.396647
8.29876 0.415104
8.31096 0.432552
8.32316 0.440786
8.33537 0.442034
8.34757 0.435852
8.35978 0.42352
8.37198 0.414567
8.38418 0.426461
8.39639 0.46532
8.40859 0.506017
8.4208 0.528667
8.433 0.526578
8.4452 0.50149
8.45741 0.48425
8.46961 0.487397
8.48182 0.495661
8.49402 0.505355
8.50622 0.514177
8.51843 0.521639
8.53063 0.520408
8.54284 0.511846
8.55504 0.509793
8.56724 0.512797
8.57945 0.508417
8.59165 0.500468
8.60386 0.501145
8.61606 0.501665
8.62826 0.492576
8.64047 0.482877
8.65267 0.485184
8.66488 0.494647
8.67708 0.51124
8.68928 0.521103
8.70149 0.523626
8.71369 0.526619
8.7259 0.521167
8.7381 0.51404
8.75031 0.506984
8.76251 0.49917
8.77471 0.494602
8.78692 0.477374
8.79912 0.462423
8.81133 0.466347
8.82353 0.482589
8.83573 0.495216
8.84794 0.492592
8.86014 0.481305
8.87235 0.470774
8.88455 0.475381
8.89675 0.479925
8.90896 0.476062
8.92116 0.472776
8.93337 0.472226
8.94557 0.47042
8.95777 0.470673
8.96998 0.468835
8.98218 0.470446
8.99439 0.475343
9.00659 0.470867
9.01879 0.47103
9.031 0.490506
9.0432 0.515328
9.05541 0.535847
9.06761 0.5522
9.07981 0.558879
9.09202 0.549222
9.10422 0.530337
9.11643 0.524764
9.12863 0.531568
9.14083 0.532044
9.15304 0.524539
9.16524 0.526105
9.17745 0.537027
9.18965 0.542979
9.20186 0.546108
9.21406 0.542944
9.22626 0.52953
9.23847 0.521021
9.25067 0.512144
9.26288 0.485474
9.27508 0.461214
9.28728 0.448109
9.29949 0.445109
9.31169 0.454681
9.3239 0.47767
9.3361 0.499083
9.3483 0.507078
9.36051 0.5005
9.37271 0.486958
9.38492 0.488087
9.39712 0.508303
9.40932 0.522597
9.42153 0.523046
9.43373 0.522475
9.44594 0.522686
9.45814 0.514005
9.47034 0.509641
9.48255 0.516292
9.49475 0.510941
9.50696 0.49959
9.51916 0.500707
9.53136 0.515763
9.54357 0.531556
9.55577 0.53078
9.56798 0.522062
9.58018 0.525611
9.59238 0.54488
9.60459 0.572951
9.61679 0.573383
9.629 0.552778
9.6412 0.550398
9.6534 0.560633
9.66561 0.574315
9.67781 0.594869
9.69002 0.612019
9.70222 0.621512
9.71443 0.615257
9.72663 0.605492
9.73883 0.602653
9.75104 0.584319
9.76324 0.559112
9.77545 0.54396
9.78765 0.537087
9.79985 0.536433
9.81206 0.533536
9.82426 0.521606
9.83647 0.514785
9.84867 0.523419
9.86087 0.532211
9.87308 0.539055
9.88528 0.542903
9.89749 0.544211
9.90969 0.560643
9.92189 0.581508
9.9341 0.619195
9.9463 0.678519
9.95851 0.721362
9.97071 0.737645
9.98291 0.742854
9.99512 0.737896
10.0073 0.738865
10.0195 0.74947
10.0317 0.762341
10.0439 0.745015
10.0561 0.709972
10.0683 0.71082
10.0805 0.74523
10.0928 0.744636
10.105 0.709773
10.1172 0.696412
10.1294 0.702365
10.1416 0.709193
10.1538 0.713586
10.166 0.711488
10.1782 0.704899
10.1904 0.692566
10.2026 0.67579
10.2148 0.648605
10.227 0.619084
10.2392 0.596158
10.2514 0.574114
10.2636 0.549277
10.2758 0.53667
10.288 0.540666
10.3002 0.552786
10.3124 0.561167
10.3246 0.568434
10.3368 0.573051
10.349 0.580632
10.3612 0.591999
10.3734 0.60282
10.3856 0.615578
10.3979 0.625846
10.4101 0.635962
10.4223 0.651219
10.4345 0.652952
10.4467 0.628086
10.4589 0.609753
10.4711 0.6107
10.4833 0.610356
10.4955 0.604369
10.5077 0.591411
10.5199 0.577602
10.5321 0.574883
10.5443 0.574249
10.5565 0.580806
10.5687 0.58273
10.5809 0.565028
10.5931 0.550549
10.6053 0.564915
10.6175 0.61385
10.6297 0.660364
10.6419 0.69158
10.6541 0.725509
10.6663 0.761115
10.6785 0.787161
10.6907 0.781279
10.703 0.743797
10.7152 0.683373
10.7274 0.625958
10.7396 0.601055
10.7518 0.599784
10.764 0.589002
10.7762 0.560616
10.7884 0.536275
10.8006 0.528114
10.8128 0.540007
10.825 0.574782
10.8372 0.636255
10.8494 0.696653
10.8616 0.733321
10.8738 0.734231
10.886 0.694399
10.8982 0.631585
10.9104 0.584174
10.9226 0.578098
10.9348 0.590213
10.947 0.584171
10.9592 0.567579
10.9714 0.55148
10.9836 0.540003
10.9959 0.561827
11.0081 0.611957
11.0203 0.643659
11.0325 0.644934
11.0447 0.652955
11.0569 0.695681
11.0691 0.737579
11.0813 0.740147
11.0935 0.735253
11.1057 0.753227
11.1179 0.781914
11.1301 0.79197
11.1423 0.793589
11.1545 0.812038
11.1667 0.818327
11.1789 0.800561
11.1911 0.781532
11.2033 0.768813
11.2155 0.754011
11.2277 0.73794
11.2399 0.748925
11.2521 0.779699
11.2643 0.811408
11.2765 0.819506
11.2887 0.793752
11.301 0.757678
11.3132 0.725788
11.3254 0.700663
11.3376 0.687954
11.3498 0.694933
11.362 0.707591
11.3742 0.727772
11.3864 0.727192
11.3986 0.686304
11.4108 0.645539
11.423 0.610136
11.4352 0.557588
11.4474 0.520363
11.4596 0.515266
11.4718 0.529615
11.484 0.554682
11.4962 0.571926
11.5084 0.585726
11.5206 0.592301
11.5328 0.600681
11.545 0.626493
11.5572 0.647929
11.5694 0.658569
11.5816 0.684294
11.5938 0.712536
11.6061 0.723528
11.6183 0.718283
11.6305 0.728265
11.6427 0.780034
11.6549 0.840963
11.6671 0.84888
11.6793 0.840205
11.6915 0.829916
11.7037 0.817317
11.7159 0.814542
11.7281 0.806715
11.7403 0.78746
11.7525 0.778629
11.7647 0.773709
11.7769 0.7581
11.7891 0.741576
11.8013 0.717009
11.8135 0.692072
11.8257 0.677882
11.8379 0.682164
11.8501 0.699803
11.8623 0.709985
11.8745 0.695167
11.8867 0.645796
11.899 0.586195
11.9112 0.52973
11.9234 0.490127
11.9356 0.475599
11.9478 0.471771
11.96 0.479419
11.9722 0.498437
11.9844 0.520436
11.9966 0.550122
12.0088 0.580903
12.021 0.592742
12.0332 0.587495
12.0454 0.58853
12.0576 0.601323
12.0698 0.620265
12.082 0.638938
12.0942 0.654879
12.1064 0.669084
12.1186 0.673933
12.1308 0.678704
12.143 0.688681
12.1552 0.705176
12.1674 0.735452
12.1796 0.792283
12.1918 0.857218
12.2041 0.906272
12.2163 0.94699
12.2285 0.9646
12.2407 0.941721
12.2529 0.900895
12.2651 0.855633
12.2773 0.817145
12.2895 0.797325
12.3017 0.80447
12.3139 0.822782
12.3261 0.810993
12.3383 0.772807
12.3505 0.734591
12.3627 0.688986
12.3749 0.654513
12.3871 0.650733
12.3993 0.64388
12.4115 0.607703
12.4237 0.579704
12.4359 0.569522
12.4481 0.553787
12.4603 0.538687
12.4725 0.531314
12.4847 0.526337
12.4969 0.526631
12.5092 0.517071
12.5214 0.505122
12.5336 0.514406
12.5458 0.544074
12.558 0.570825
12.5702 0.604184
12.5824 0.653978
12.5946 0.717296
12.6068 0.785481
12.619 0.844294
12.6312 0.867378
12.6434 0.860094
12.6556 0.855324
12.6678 0.871593
12.68 0.895377
12.6922 0.913944
12.7044 0.923091
12.7166 0.915572
12.7288 0.912818
12.741 0.912727
12.7532 0.906483
12.7654 0.904142
12.7776 0.932917
12.7898 0.979101
12.8021 0.999972
12.8143 0.995664
12.8265 0.985874
12.8387 0.968403
12.8509 0.933987
12.8631 0.87385
12.8753 0.823129
12.8875 0.803376
12.8997 0.791495
12.9119 0.790877
12.9241 0.799702
12.9363 0.781091
12.9485 0.745267
12.9607 0.683439
12.9729 0.588984
12.9851 0.505138
12.9973 0.459303
13.0095 0.441782
13.0217 0.446784
13.0339 0.47094
13.0461 0.511742
13.0583 0.566043
13.0705 0.605387
13.0827 0.60931
13.0949 0.603053
13.1072 0.614822
13.1194 0.651911
13.1316 0.71085
13.1438 0.749845
13.156 0.755928
13.1682 0.774235
13.1804 0.79756
13.1926 0.82296
13.2048 0.865226
13.217 0.894659
13.2292 0.8928
13.2414 0.899781
13.2536 0.918973
13.2658 0.914635
13.278 0.900812
13.2902 0.928455
13.3024 0.967099
13.3146 0.97827
13.3268 0.945794
13.339 0.869589
13.3512 0.797301
13.3634 0.764395
13.3756 0.758918
13.3878 0.765218
13.4 0.774534
13.4123 0.788765
13.4245 0.79436
13.4367 0.78339
13.4489 0.773928
13.4611 0.770493
13.4733 0.745941
13.4855 0.711198
13.4977 0.687674
13.5099 0.68571
13.5221 0.694388
13.5343 0.697185
13.5465 0.691422
13.5587 0.681711
13.5709 0.688653
13.5831 0.733753
13.5953 0.822243
13.6075 0.915731
13.6197 0.958836
13.6319 0.943192
13.6441 0.927525
13.6563 0.924777
13.6685 0.929725
13.6807 0.934834
13.6929 0.909951
13.7052 0.881036
13.7174 0.873803
13.7296 0.900434
13.7418 0.924277
13.754 0.931125
13.7662 0.955514
13.7784 0.98993
13.7906 1.00211
13.8028 1.01322
13.815 1.01252
13.8272 0.987197
13.8394 0.948798
13.8516 0.943167
13.8638 1.00014
13.876 1.05496
13.8882 1.04066
13.9004 0.992847
13.9126 0.943823
13.9248 0.884445
13.937 0.832357
13.9492 0.808905
13.9614 0.812925
13.9736 0.813704
13.9858 0.794561
13.998 0.757184
14.0103 0.717005
14.0225 0.706419
14.0347 0.732987
14.0469 0.751216
14.0591 0.748223
14.0713 0.748857
14.0835 0.765792
14.0957 0.791548
14.1079 0.812627
14.1201 0.816869
14.1323 0.810913
14.1445 0.816717
14.1567 0.834195
14.1689 0.844062
14.1811 0.84821
14.1933 0.849225
14.2055 0.852874
14.2177 0.838141
14.2299 0.813167
14.2421 0.811176
14.2543 0.809788
14.2665 0.811058
14.2787 0.813473
14.2909 0.811145
14.3031 0.825514
14.3154 0.862468
14.3276 0.901762
14.3398 0.929026
14.352 0.944875
14.3642 0.941982
14.3764 0.925951
14.3886 0.886056
14.4008 0.838037
14.413 0.805143
14.4252 0.769926
14.4374 0.729869
14.4496 0.712246
14.4618 0.708672
14.474 0.69606
14.4862 0.67937
14.4984 0.67894
14.5106 0.664563
14.5228 0.630927
14.535 0.609407
14.5472 0.589366
14.5594 0.56115
14.5716 0.537791
14.5838 0.526325
14.596 0.530717
14.6082 0.55083
14.6205 0.588328
14.6327 0.620796
14.6449 0.622802
14.6571 0.613217
14.6693 0.615766
14.6815 0.631274
14.6937 0.646987
14.7059 0.660266
14.7181 0.683365
14.7303 0.734429
14.7425 0.791144
14.7547 0.811007
14.7669 0.807758
14.7791 0.819982
14.7913 0.852882
14.8035 0.871318
14.8157 0.853321
14.8279 0.838635
14.8401 0.836409
14.8523 0.832864
14.8645 0.837674
14.8767 0.854573
14.8889 0.860428
14.9011 0.830392
14.9134 0.781992
14.9256 0.763621
14.9378 0.772904
14.95 0.770163
14.9622 0.733017
14.9744 0.688994
14.9866 0.65454
14.9988 0.626625
15.011 0.61398
15.0232 0.603866
15.0354 0.585393
15.0476 0.564611
15.0598 0.551188
15.072 0.546053
15.0842 0.541949
15.0964 0.536477
15.1086 0.527856
15.1208 0.52165
15.133 0.536413
15.1452 0.566279
15.1574 0.594324
15.1696 0.604942
15.1818 0.594578
15.194 0.576885
15.2062 0.559153
15.2185 0.550036
15.2307 0.559798
15.2429 0.578505
15.2551 0.59091
15.2673 0.603693
15.2795 0.622437
15.2917 0.64288
15.3039 0.661662
15.3161 0.683236
15.3283 0.693852
15.3405 0.683123
15.3527 0.673624
15.3649 0.676493
15.3771 0.683273
15.3893 0.676453
15.4015 0.654005
15.4137 0.633548
15.4259 0.614261
15.4381 0.594916
15.4503 0.576615
15.4625 0.558949
15.4747 0.536528
15.4869 0.512688
15.4991 0.493875
15.5113 0.48538
15.5236 0.479482
15.5358 0.473978
15.548 0.468705
15.5602 0.464716
15.5724 0.448423
15.5846 0.41445
15.5968 0.384081
15.609 0.376393
15.6212 0.386879
15.6334 0.409032
15.6456 0.439539
15.6578 0.463961
15.67 0.473688
15.6822 0.472528
15.6944 0.470961
15.7066 0.475382
15.7188 0.47517
15.731 0.472603
15.7432 0.477252
15.7554 0.479906
15.7676 0.481737
15.7798 0.48963
15.792 0.509354
15.8042 0.545358
15.8165 0.591165
15.8287 0.631325
15.8409 0.646967
15.8531 0.629231
15.8653 0.597887
15.8775 0.572433
15.8897 0.565057
15.9019 0.580803
15.9141 0.613703
15.9263 0.640844
15.9385 0.653297
15.9507 0.650554
15.9629 0.635508
15.9751 0.624704
15.9873 0.623386
15.9995 0.6224
16.0117 0.614089
16.0239 0.60346
16.0361 0.589073
16.0483 0.584177
16.0605 0.609808
16.0727 0.647255
16.0849 0.67469
16.0971 0.687652
16.1093 0.686599
16.1216 0.684434
16.1338 0.68562
16.146 0.703001
16.1582 0.737629
16.1704 0.76669
16.1826 0.766375
16.1948 0.751746
16.207 0.783691
16.2192 0.865488
16.2314 0.934083
16.2436 0.948157
16.2558 0.935766
16.268 0.914672
16.2802 0.889382
16.2924 0.878407
16.3046 0.882849
16.3168 0.874118
16.329 0.873395
16.3412 0.919522
16.3534 0.981995
16.3656 1.01301
16.3778 1.01269
16.39 0.988885
16.4022 0.960551
16.4144 0.95168
16.4267 0.936302
16.4389 0.910122
16.4511 0.881641
16.4633 0.856622
16.4755 0.840007
16.4877 0.781452
16.4999 0.642604
16.5121 0.50276
16.5243 0.422278
16.5365 0.386337
16.5487 0.378897
16.5609 0.400808
16.5731 0.454427
16.5853 0.523786
16.5975 0.589782
16.6097 0.665576
16.6219 0.739973
16.6341 0.764828
16.6463 0.744886
16.6585 0.72062
16.6707 0.673306
16.6829 0.616915
16.6951 0.603288
16.7073 0.635667
16.7196 0.679644
16.7318 0.73841
16.744 0.796822
16.7562 0.799726
16.7684 0.756198
16.7806 0.72365
16.7928 0.743775
16.805 0.79892
16.8172 0.821369
16.8294 0.808002
16.8416 0.821334
16.8538 0.861634
16.866 0.866057
16.8782 0.848001
16.8904 0.845863
16.9026 0.848703
16.9148 0.840869
16.927 0.847102
16.9392 0.861932
16.9514 0.867642
16.9636 0.859238
16.9758 0.85431
16.988 0.853926
17.0002 0.846542
17.0124 0.844804
17.0247 0.856268
17.0369 0.861632
17.0491 0.843055
17.0613 0.817093
17.0735 0.804666
17.0857 0.787306
17.0979 0.777787
17.1101 0.803729
17.1223 0.824144
17.1345 0.804521
17.1467 0.782571
17.1589 0.793329
17.1711 0.803084
17.1833 0.764509
17.1955 0.712115
17.2077 0.72633
17.2199 0.795876
17.2321 0.85921
17.2443 0.914138
17.2565 0.97863
17.2687 1.03495
17.2809 1.04333
17.2931 1.00416
17.3053 0.968893
17.3175 0.945161
17.3298 0.947517
17.342 0.984533
17.3542 1.03926
17.3664 1.05653
17.3786 1.0358
17.3908 1.05053
17.403 1.11221
17.4152 1.16398
17.4274 1.1738
17.4396 1.13782
17.4518 1.08706
17.464 1.04017
17.4762 0.988486
17.4884 0.939703
17.5006 0.931513
17.5128 0.966135
17.525 0.986143
17.5372 0.943177
17.5494 0.895789
17.5616 0.892081
17.5738 0.911178
17.586 0.907037
17.5982 0.884392
17.6104 0.869143
17.6227 0.860823
17.6349 0.834507
17.6471 0.784677
17.6593 0.742379
17.6715 0.747458
17.6837 0.788671
17.6959 0.817291
17.7081 0.819809
17.7203 0.807662
17.7325 0.791627
17.7447 0.779299
17.7569 0.774498
17.7691 0.79944
17.7813 0.835176
17.7935 0.858385
17.8057 0.871289
17.8179 0.857734
17.8301 0.830566
17.8423 0.831006
17.8545 0.850606
17.8667 0.89157
17.8789 0.97246
17.8911 1.05933
17.9033 1.10693
17.9155 1.10064
17.9278 1.03978
17.94 0.991383
17.9522 0.987232
17.9644 0.980253
17.9766 0.958795
17.9888 0.963252
18.001 1.018
18.0132 1.06404
18.0254 1.0701
18.0376 1.02794
18.0498 0.953574
18.062 0.871213
18.0742 0.80321
18.0864 0.762596
18.0986 0.740294
18.1108 0.72928
18.123 0.723406
18.1352 0.713607
18.1474 0.704682
18.1596 0.698809
18.1718 0.699056
18.184 0.703431
18.1962 0.688447
18.2084 0.665281
18.2206 0.652426
18.2329 0.637715
18.2451 0.613378
18.2573 0.592073
18.2695 0.591343
18.2817 0.61281
18.2939 0.64404
18.3061 0.693394
18.3183 0.76002
18.3305 0.806368
18.3427 0.822873
18.3549 0.825651
18.3671 0.829392
18.3793 0.851127
18.3915 0.85053
18.4037 0.81089
18.4159 0.78279
18.4281 0.791288
18.4403 0.80166
18.4525 0.809178
18.4647 0.823878
18.4769 0.823101
18.4891 0.81465
18.5013 0.808505
18.5135 0.797177
18.5258 0.802686
18.538 0.835732
18.5502 0.865232
18.5624 0.882974
18.5746 0.87398
18.5868 0.825832
18.599 0.751426
18.6112 0.680691
18.6234 0.631065
18.6356 0.603659
18.6478 0.595501
18.66 0.591765
18.6722 0.576805
18.6844 0.556099
18.6966 0.530664
18.7088 0.503703
18.721 0.486283
18.7332 0.476908
18.7454 0.478439
18.7576 0.482683
18.7698 0.470303
18.782 0.469047
18.7942 0.495713
18.8064 0.5182
18.8186 0.520354
18.8309 0.523317
18.8431 0.539652
18.8553 0.562173
18.8675 0.592218
18.8797 0.628502
18.8919 0.659299
18.9041 0.694506
18.9163 0.744907
18.9285 0.79415
18.9407 0.811115
18.9529 0.805689
18.9651 0.795908
18.9773 0.776502
18.9895 0.773167
19.0017 0.79835
19.0139 0.796957
19.0261 0.764198
19.0383 0.741112
19.0505 0.737009
19.0627 0.736607
19.0749 0.736403
19.0871 0.740534
19.0993 0.718864
19.1115 0.660881
19.1237 0.614373
19.136 0.609622
19.1482 0.625588
19.1604 0.615722
19.1726 0.580343
19.1848 0.555808
19.197 0.540531
19.2092 0.51414
19.2214 0.478701
19.2336 0.447981
19.2458 0.433075
19.258 0.42464
19.2702 0.410631
19.2824 0.402875
19.2946 0.41614
19.3068 0.446102
19.319 0.481062
19.3312 0.512126
19.3434 0.539258
19.3556 0.573658
19.3678 0.621286
19.38 0.644619
19.3922 0.639437
19.4044 0.64633
19.4166 0.651335
19.4289 0.652574
19.4411 0.658951
19.4533 0.668452
19.4655 0.687042
19.4777 0.710299
19.4899 0.73522
19.5021 0.761119
19.5143 0.779424
19.5265 0.773295
19.5387 0.765176
19.5509 0.771313
19.5631 0.784504
19.5753 0.773956
19.5875 0.751137
19.5997 0.741438
19.6119 0.728419
19.6241 0.695338
19.6363 0.653617
19.6485 0.636947
19.6607 0.626712
19.6729 0.601421
19.6851 0.56614
19.6973 0.533896
19.7095 0.48969
19.7217 0.431835
19.734 0.379995
19.7462 0.35143
19.7584 0.346441
19.7706 0.346481
19.7828 0.345811
19.795 0.348761
19.8072 0.356146
19.8194 0.372067
19.8316 0.394235
19.8438 0.416498
19.856 0.440456
19.8682 0.457906
19.8804 0.473692
19.8926 0.499949
19.9048 0.524038
19.917 0.536834
19.9292 0.546421
19.9414 0.567607
19.9536 0.589719
19.9658 0.612325
19.978 0.635841
19.9902 0.624294
20.0024 0.604212
20.0146 0.615485
20.0268 0.629713
20.0391 0.630755
20.0513 0.637532
20.0635 0.636927
20.0757 0.628915
20.0879 0.625745
20.1001 0.622584
20.1123 0.62202
20.1245 0.615679
20.1367 0.589778
20.1489 0.559246
20.1611 0.534073
20.1733 0.518051
20.1855 0.511117
20.1977 0.494092
20.2099 0.468739
20.2221 0.4674
20.2343 0.491154
20.2465 0.503413
20.2587 0.49843
20.2709 0.488768
20.2831 0.478763
20.2953 0.470754
20.3075 0.462502
20.3197 0.459202
20.332 0.470081
20.3442 0.483941
20.3564 0.489022
20.3686 0.491349
20.3808 0.496573
20.393 0.509107
20.4052 0.532573
20.4174 0.563737
20.4296 0.585867
20.4418 0.598759
20.454 0.62135
20.4662 0.632716
20.4784 0.633068
20.4906 0.647826
20.5028 0.693815
20.515 0.745115
20.5272 0.764505
20.5394 0.752607
20.5516 0.731083
20.5638 0.736693
20.576 0.7539
20.5882 0.737438
20.6004 0.724329
20.6126 0.729672
20.6248 0.717459
20.6371 0.687761
20.6493 0.66435
20.6615 0.648966
20.6737 0.634237
20.6859 0.620141
20.6981 0.601903
20.7103 0.572399
20.7225 0.53304
20.7347 0.499325
20.7469 0.48854
20.7591 0.489023
20.7713 0.478887
20.7835 0.449895
20.7957 0.415918
20.8079 0.40327
20.8201 0.413992
20.8323 0.432985
20.8445 0.448995
20.8567 0.452142
20.8689 0.446736
20.8811 0.441293
20.8933 0.437962
20.9055 0.441244
20.9177 0.453987
20.9299 0.483156
20.9422 0.524951
20.9544 0.556244
20.9666 0.563036
20.9788 0.570116
20.991 0.591588
21.0032 0.599816
21.0154 0.593978
21.0276 0.594391
21.0398 0.587676
21.052 0.570109
21.0642 0.566214
21.0764 0.574408
21.0886 0.591237
21.1008 0.623892
21.113 0.661797
21.1252 0.678574
21.1374 0.648053
21.1496 0.599945
21.1618 0.575886
21.174 0.572039
21.1862 0.565059
21.1984 0.557174
21.2106 0.539745
21.2228 0.526282
21.2351 0.530502
21.2473 0.528348
21.2595 0.500502
21.2717 0.466159
21.2839 0.439941
21.2961 0.409214
21.3083 0.37918
21.3205 0.368648
21.3327 0.367465
21.3449 0.35663
21.3571 0.34492
21.3693 0.336076
21.3815 0.3385
21.3937 0.362851
21.4059 0.409776
21.4181 0.465602
21.4303 0.51299
21.4425 0.537634
21.4547 0.543782
21.4669 0.54996
21.4791 0.567954
21.4913 0.578677
21.5035 0.585585
21.5157 0.605663
21.5279 0.62347
21.5402 0.626184
21.5524 0.629459
21.5646 0.642902
21.5768 0.650667
21.589 0.646878
21.6012 0.643341
21.6134 0.653277
21.6256 0.659609
21.6378 0.641269
21.65 0.62399
21.6622 0.622421
21.6744 0.626134
21.6866 0.637161
21.6988 0.647346
21.711 0.653981
21.7232 0.653814
21.7354 0.631023
21.7476 0.590282
21.7598 0.546741
21.772 0.508597
21.7842 0.477977
21.7964 0.451763
21.8086 0.411104
21.8208 0.365805
21.833 0.344442
21.8453 0.348991
21.8575 0.362203
21.8697 0.363313
21.8819 0.357475
21.8941 0.362308
21.9063 0.387331
21.9185 0.422205
21.9307 0.441855
21.9429 0.43343
21.9551 0.427786
21.9673 0.460232
21.9795 0.529127
21.9917 0.585191
22.0039 0.601191
22.0161 0.606526
22.0283 0.611704
22.0405 0.60625
22.0527 0.592238
22.0649 0.579731
22.0771 0.56037
22.0893 0.533653
22.1015 0.515316
22.1137 0.517184
22.1259 0.522748
22.1381 0.516974
22.1504 0.507679
22.1626 0.491666
22.1748 0.484161
22.187 0.494067
22.1992 0.514104
22.2114 0.528604
22.2236 0.53519
22.2358 0.539045
22.248 0.515446
22.2602 0.460414
22.2724 0.399616
22.2846 0.344275
22.2968 0.313272
22.309 0.310864
22.3212 0.328932
22.3334 0.360448
22.3456 0.388438
22.3578 0.394575
22.37 0.390836
22.3822 0.386876
22.3944 0.390765
22.4066 0.399602
22.4188 0.4047
22.431 0.411486
22.4433 0.434404
22.4555 0.475394
22.4677 0.518228
22.4799 0.552569
22.4921 0.591899
22.5043 0.651123
22.5165 0.712138
22.5287 0.748462
22.5409 0.745428
22.5531 0.73087
22.5653 0.735605
22.5775 0.7701
22.5897 0.830172
22.6019 0.889577
22.6141 0.914682
22.6263 0.901572
22.6385 0.847822
22.6507 0.778903
22.6629 0.738189
22.6751 0.742278
22.6873 0.772025
22.6995 0.776073
22.7117 0.747211
22.7239 0.729441
22.7361 0.74858
22.7484 0.763912
22.7606 0.751028
22.7728 0.729842
22.785 0.705092
22.7972 0.66164
22.8094 0.593849
22.8216 0.536279
22.8338 0.510389
22.846 0.493815
22.8582 0.470126
22.8704 0.451952
22.8826 0.437072
22.8948 0.430209
22.907 0.424381
22.9192 0.416317
22.9314 0.419305
22.9436 0.434045
22.9558 0.455887
22.968 0.482293
22.9802 0.505262
22.9924 0.535224
23.0046 0.571153
23.0168 0.605632
23.029 0.628549
23.0412 0.653452
23.0535 0.670939
23.0657 0.671106
23.0779 0.671954
23.0901 0.664659
23.1023 0.650799
23.1145 0.662384
23.1267 0.688983
23.1389 0.697963
23.1511 0.698862
23.1633 0.735508
23.1755 0.785201
23.1877 0.798388
23.1999 0.779026
23.2121 0.731154
23.2243 0.674795
23.2365 0.628318
23.2487 0.610377
23.2609 0.626129
23.2731 0.644186
23.2853 0.644376
23.2975 0.630875
23.3097 0.603949
23.3219 0.557625
23.3341 0.501698
23.3464 0.4537
23.3586 0.426386
23.3708 0.411767
23.383 0.398638
23.3952 0.376242
23.4074 0.34905
23.4196 0.327786
23.4318 0.316069
23.444 0.324099
23.4562 0.342233
23.4684 0.351602
23.4806 0.357918
23.4928 0.371003
23.505 0.389728
23.5172 0.408115
23.5294 0.422662
23.5416 0.437364
23.5538 0.459714
23.566 0.498553
23.5782 0.535306
23.5904 0.537416
23.6026 0.538068
23.6148 0.566441
23.627 0.606887
23.6392 0.646872
23.6515 0.665816
23.6637 0.648897
23.6759 0.621563
23.6881 0.615442
23.7003 0.622437
23.7125 0.634186
23.7247 0.651424
23.7369 0.671591
23.7491 0.687096
23.7613 0.683627
23.7735 0.653352
23.7857 0.61725
23.7979 0.596017
23.8101 0.592994
23.8223 0.584165
23.8345 0.567595
23.8467 0.552622
23.8589 0.537975
23.8711 0.518142
23.8833 0.476573
23.8955 0.436739
23.9077 0.418004
23.9199 0.398233
23.9321 0.383953
23.9443 0.390741
23.9566 0.391908
23.9688 0.373228
23.981 0.357256
23.9932 0.356967
24.0054 0.375819
24.0176 0.407499
24.0298 0.455183
24.042 0.518681
24.0542 0.570279
24.0664 0.599695
24.0786 0.630659
24.0908 0.675452
24.103 0.724011
24.1152 0.782747
24.1274 0.854355
24.1396 0.897047
24.1518 0.904208
24.164 0.905361
24.1762 0.902374
24.1884 0.89751
24.2006 0.896214
24.2128 0.90289
24.225 0.930959
24.2372 0.966606
24.2495 0.970188
24.2617 0.912815
24.2739 0.828973
24.2861 0.749699
24.2983 0.685657
24.3105 0.641939
24.3227 0.613887
24.3349 0.611146
24.3471 0.623028
24.3593 0.631556
24.3715 0.625737
24.3837 0.597896
24.3959 0.549672
24.4081 0.484972
24.4203 0.432146
24.4325 0.400233
24.4447 0.375657
24.4569 0.363282
24.4691 0.373086
24.4813 0.393494
24.4935 0.403288
24.5057 0.401271
24.5179 0.398695
24.5301 0.405246
24.5423 0.414485
24.5546 0.407575
24.5668 0.389172
24.579 0.381702
24.5912 0.402892
24.6034 0.453462
24.6156 0.515799
24.6278 0.555042
24.64 0.555096
24.6522 0.555114
24.6644 0.591955
24.6766 0.627497
24.6888 0.636074
24.701 0.652061
24.7132 0.670352
24.7254 0.677442
24.7376 0.666475
24.7498 0.640925
24.762 0.630425
24.7742 0.63025
24.7864 0.612046
24.7986 0.571689
24.8108 0.540533
24.823 0.529009
24.8352 0.52475
24.8474 0.526452
24.8597 0.530505
24.8719 0.526559
24.8841 0.499966
24.8963 0.461792
24.9085 0.421774
24.9207 0.383523
24.9329 0.348421
24.9451 0.323965
24.9573 0.31812
24.9695 0.327529
24.9817 0.339381
24.9939 0.348287
25.0061 0.352807
25.0183 0.35917
25.0305 0.379264
25.0427 0.401136
25.0549 0.423067
25.0671 0.462693
25.0793 0.511917
25.0915 0.552206
25.1037 0.593773
25.1159 0.643374
25.1281 0.693646
25.1403 0.735432
25.1526 0.761278
25.1648 0.777495
25.177 0.801019
25.1892 0.815244
25.2014 0.814752
25.2136 0.79491
25.2258 0.76016
25.238 0.73831
25.2502 0.747777
25.2624 0.784234
25.2746 0.818303
25.2868 0.816048
25.299 0.791292
25.3112 0.762147
25.3234 0.728558
25.3356 0.687946
25.3478 0.652824
25.36 0.648382
25.3722 0.657741
25.3844 0.681278
25.3966 0.700462
25.4088 0.677508
25.421 0.613114
25.4332 0.544834
25.4454 0.495402
25.4577 0.450877
25.4699 0.416886
25.4821 0.407371
25.4943 0.40981
25.5065 0.422153
25.5187 0.433204
25.5309 0.430618
25.5431 0.415519
25.5553 0.404879
25.5675 0.414658
25.5797 0.445682
25.5919 0.485641
25.6041 0.53342
25.6163 0.588963
25.6285 0.629424
25.6407 0.657101
25.6529 0.704518
25.6651 0.770212
25.6773 0.812484
25.6895 0.81224
25.7017 0.814519
25.7139 0.833523
25.7261 0.845798
25.7383 0.851129
25.7505 0.865662
25.7628 0.883949
25.775 0.892345
25.7872 0.880832
25.7994 0.836294
25.8116 0.795052
25.8238 0.7781
25.836 0.77727
25.8482 0.782765
25.8604 0.813436
25.8726 0.840438
25.8848 0.813915
25.897 0.751092
25.9092 0.674632
25.9214 0.605347
25.9336 0.556908
25.9458 0.526591
25.958 0.50749
25.9702 0.4944
25.9824 0.480696
25.9946 0.456475
26.0068 0.432062
26.019 0.427733
26.0312 0.442571
26.0434 0.446708
26.0557 0.438089
26.0679 0.441471
26.0801 0.454838
26.0923 0.479772
26.1045 0.509109
26.1167 0.537169
26.1289 0.585162
26.1411 0.658655
26.1533 0.727882
26.1655 0.762266
26.1777 0.758875
26.1899 0.741023
26.2021 0.745162
26.2143 0.779554
26.2265 0.820987
26.2387 0.859922
26.2509 0.889736
26.2631 0.894629
26.2753 0.885574
26.2875 0.880729
26.2997 0.87471
26.3119 0.868364
26.3241 0.859674
26.3363 0.811016
26.3485 0.758661
26.3608 0.737248
26.373 0.723548
26.3852 0.712345
26.3974 0.717548
26.4096 0.739295
26.4218 0.734127
26.434 0.674199
26.4462 0.612748
26.4584 0.576332
26.4706 0.54938
26.4828 0.515941
26.495 0.471187
26.5072 0.437408
26.5194 0.425948
26.5316 0.419888
26.5438 0.41196
26.556 0.418767
26.5682 0.435476
26.5804 0.444437
26.5926 0.444727
26.6048 0.442872
26.617 0.452675
26.6292 0.477727
26.6414 0.5081
26.6536 0.547717
26.6659 0.615224
26.6781 0.699732
26.6903 0.745162
26.7025 0.736865
26.7147 0.717786
26.7269 0.717543
26.7391 0.723068
26.7513 0.717434
26.7635 0.740926
26.7757 0.799836
26.7879 0.854262
26.8001 0.875242
26.8123 0.832161
26.8245 0.77892
26.8367 0.750109
26.8489 0.727978
26.8611 0.736783
26.8733 0.764204
26.8855 0.782825
26.8977 0.791647
26.9099 0.786609
26.9221 0.786764
26.9343 0.791543
26.9465 0.7714
26.9588 0.732531
26.971 0.706487
26.9832 0.679753
26.9954 0.644709
27.0076 0.632046
27.0198 0.647634
27.032 0.662571
27.0442 0.649865
27.0564 0.618648
27.0686 0.577827
27.0808 0.53975
27.093 0.522048
27.1052 0.530828
27.1174 0.573928
27.1296 0.632558
27.1418 0.6785
27.154 0.718912
27.1662 0.769465
27.1784 0.809655
27.1906 0.841404
27.2028 0.867276
27.215 0.884773
27.2272 0.909504
27.2394 0.918863
27.2516 0.909739
27.2639 0.924126
27.2761 0.948618
27.2883 0.934447
27.3005 0.894986
27.3127 0.869662
27.3249 0.860819
27.3371 0.86185
27.3493 0.847615
27.3615 0.811744
27.3737 0.792401
27.3859 0.818492
27.3981 0.869017
27.4103 0.90331
27.4225 0.910752
27.4347 0.924672
27.4469 0.959179
27.4591 0.999179
27.4713 1.00481
27.4835 0.974426
27.4957 0.971317
27.5079 0.96801
27.5201 0.928118
27.5323 0.892295
27.5445 0.889041
27.5567 0.881609
27.569 0.847943
27.5812 0.786066
27.5934 0.707138
27.6056 0.662997
27.6178 0.664173
27.63 0.674253
27.6422 0.675045
27.6544 0.674937
27.6666 0.692534
27.6788 0.740273
27.691 0.804874
27.7032 0.866645
27.7154 0.90037
27.7276 0.899766
27.7398 0.916226
27.752 0.971849
27.7642 1.02848
27.7764 1.05286
27.7886 1.03886
27.8008 1.00449
27.813 0.957751
27.8252 0.918317
27.8374 0.90293
27.8496 0.920661
27.8619 0.963249
27.8741 1.01461
27.8863 1.04597
27.8985 1.06847
27.9107 1.08678
27.9229 1.11257
27.9351 1.14108
27.9473 1.13731
27.9595 1.08267
27.9717 1.00204
27.9839 0.917206
27.9961 0.866466
28.0083 0.868385
28.0205 0.873212
28.0327 0.84377
28.0449 0.814809
28.0571 0.814298
28.0693 0.802318
28.0815 0.776982
28.0937 0.75254
28.1059 0.737785
28.1181 0.742523
28.1303 0.743185
28.1425 0.747425
28.1547 0.771534
28.167 0.808507
28.1792 0.845593
28.1914 0.890784
28.2036 0.935194
28.2158 0.947241
28.228 0.95598
28.2402 0.993853
28.2524 1.0415
28.2646 1.05319
28.2768 1.04876
28.289 1.07067
28.3012 1.10661
28.3134 1.10988
28.3256 1.09769
28.3378 1.10692
28.35 1.14834
28.3622 1.19039
28.3744 1.21229
28.3866 1.22002
28.3988 1.25076
28.411 1.3174
28.4232 1.34443
28.4354 1.25889
28.4476 1.15611
28.4598 1.10204
28.4721 1.05772
28.4843 1.02354
28.4965 1.01973
28.5087 1.05265
28.5209 1.08281
28.5331 1.08906
28.5453 1.08007
28.5575 1.05078
28.5697 0.991484
28.5819 0.959368
28.5941 0.954157
28.6063 0.945647
28.6185 0.919665
28.6307 0.915862
28.6429 0.967399
28.6551 1.06336
28.6673 1.16608
28.6795 1.20191
28.6917 1.16043
28.7039 1.10176
28.7161 1.04352
28.7283 1.00241
28.7405 1.01684
28.7527 1.07847
28.7649 1.13403
28.7772 1.17393
28.7894 1.2206
28.8016 1.25582
28.8138 1.23155
28.826 1.18227
28.8382 1.14012
28.8504 1.10712
28.8626 1.11256
28.8748 1.1589
28.887 1.18305
28.8992 1.18867
28.9114 1.24174
28.9236 1.33086
28.9358 1.36031
28.948 1.30491
28.9602 1.22562
28.9724 1.19473
28.9846 1.2148
28.9968 1.26424
29.009 1.31437
29.0212 1.34569
29.0334 1.40016
29.0456 1.48838
29.0578 1.50037
29.0701 1.43811
29.0823 1.37728
29.0945 1.30705
29.1067 1.26778
29.1189 1.27039
29.1311 1.28251
29.1433 1.32662
29.1555 1.39645
29.1677 1.44453
29.1799 1.48141
29.1921 1.4564
29.2043 1.32813
29.2165 1.2155
29.2287 1.17955
29.2409 1.17101
29.2531 1.15862
29.2653 1.14164
29.2775 1.15447
29.2897 1.21217
29.3019 1.26422
29.3141 1.30345
29.3263 1.3378
29.3385 1.3516
29.3507 1.34131
29.3629 1.31926
29.3752 1.32695
29.3874 1.36928
29.3996 1.38082
29.4118 1.34799
29.424 1.32468
29.4362 1.33805
29.4484 1.34207
29.4606 1.31516
29.4728 1.27905
29.485 1.23201
29.4972 1.1716
29.5094 1.11865
29.5216 1.1178
29.5338 1.18688
29.546 1.25642
29.5582 1.23352
29.5704 1.13955
29.5826 1.0724
29.5948 1.04927
29.607 1.02752
29.6192 1.00006
29.6314 0.997713
29.6436 1.01797
29.6558 1.01027
29.668 0.991358
29.6803 1.02774
29.6925 1.10406
29.7047 1.14528
29.7169 1.11573
29.7291 1.06933
29.7413 1.02753
29.7535 1.006
29.7657 1.00256
29.7779 1.01357
29.7901 1.02576
29.8023 1.03537
29.8145 1.03134
29.8267 1.00694
29.8389 1.00476
29.8511 1.03371
29.8633 1.03784
29.8755 1.0179
29.8877 1.02482
29.8999 1.05438
29.9121 1.08624
29.9243 1.11676
29.9365 1.14034
29.9487 1.1208
29.9609 1.03589
29.9732 0.962043
29.9854 0.945079
29.9976 0.946585
30.0098 0.919755
30.022 0.882571
30.0342 0.878301
30.0464 0.902861
30.0586 0.916238
30.0708 0.89795
30.083 0.875127
30.0952 0.848603
30.1074 0.81017
30.1196 0.765755
30.1318 0.734602
30.144 0.724265
30.1562 0.718121
30.1684 0.695158
30.1806 0.657715
30.1928 0.629018
30.205 0.607713
30.2172 0.581516
30.2294 0.564887
30.2416 0.565904
30.2538 0.577702
30.266 0.590754
30.2783 0.603245
30.2905 0.611129
30.3027 0.608381
30.3149 0.60348
30.3271 0.619198
30.3393 0.662432
30.3515 0.704519
30.3637 0.723998
30.3759 0.736826
30.3881 0.755386
30.4003 0.777038
30.4125 0.786482
30.4247 0.773937
30.4369 0.763367
30.4491 0.757637
30.4613 0.748047
30.4735 0.750393
30.4857 0.754039
30.4979 0.756784
30.5101 0.762503
30.5223 0.765898
30.5345 0.777847
30.5467 0.789675
30.5589 0.785238
30.5711 0.770717
30.5834 0.751692
30.5956 0.724929
30.6078 0.692156
30.62 0.664639
30.6322 0.645819
30.6444 0.623478
30.6566 0.605086
30.6688 0.597526
30.681 0.592195
30.6932 0.584871
30.7054 0.573375
30.7176 0.562291
30.7298 0.558422
30.742 0.567172
30.7542 0.579004
30.7664 0.589247
30.7786 0.605605
30.7908 0.629263
30.803 0.652101
30.8152 0.677026
30.8274 0.706537
30.8396 0.731177
30.8518 0.741451
30.864 0.745592
30.8763 0.75027
30.8885 0.759574
30.9007 0.77732
30.9129 0.802624
30.9251 0.83055
30.9373 0.867587
30.9495 0.902053
30.9617 0.898813
30.9739 0.885806
30.9861 0.892261
30.9983 0.895845
31.0105 0.87173
31.0227 0.856038
31.0349 0.862498
31.0471 0.854647
31.0593 0.831973
31.0715 0.805751
31.0837 0.785563
31.0959 0.784039
31.1081 0.783419
31.1203 0.766005
31.1325 0.745915
31.1447 0.73478
31.1569 0.732302
31.1691 0.735571
31.1814 0.727378
31.1936 0.703412
31.2058 0.665964
31.218 0.642136
31.2302 0.641498
31.2424 0.630463
31.2546 0.607492
31.2668 0.59749
31.279 0.609129
31.2912 0.643421
31.3034 0.698903
31.3156 0.750475
31.3278 0.776317
31.34 0.803361
31.3522 0.839556
31.3644 0.859726
31.3766 0.860182
31.3888 0.879947
31.401 0.915095
31.4132 0.938768
31.4254 0.965363
31.4376 0.998737
31.4498 1.01917
31.462 1.00219
31.4742 0.973608
31.4865 0.962779
31.4987 0.974239
31.5109 0.999347
31.5231 1.00472
31.5353 0.973915
31.5475 0.945366
31.5597 0.921294
31.5719 0.894037
31.5841 0.878826
31.5963 0.884273
31.6085 0.923205
31.6207 0.965437
31.6329 0.961505
31.6451 0.904049
31.6573 0.81811
31.6695 0.757693
31.6817 0.723413
31.6939 0.700887
31.7061 0.697146
31.7183 0.707922
31.7305 0.717242
31.7427 0.707194
31.7549 0.686438
31.7671 0.685279
31.7794 0.709082
31.7916 0.749576
31.8038 0.802589
31.816 0.864096
31.8282 0.912964
31.8404 0.935252
31.8526 0.937053
31.8648 0.936944
31.877 0.962044
31.8892 0.964202
31.9014 0.956723
31.9136 1.01497
31.9258 1.15321
31.938 1.28288
31.9502 1.31683
31.9624 1.25198
31.9746 1.19613
31.9868 1.19546
31.999 1.20604
32.0112 1.20973
32.0234 1.20661
32.0356 1.20559
32.0478 1.18744
32.06 1.15964
32.0722 1.14934
32.0845 1.15663
32.0967 1.13698
32.1089 1.07016
32.1211 1.00825
32.1333 0.970255
32.1455 0.948929
32.1577 0.934266
32.1699 0.92569
32.1821 0.912361
32.1943 0.897055
32.2065 0.871974
32.2187 0.828009
32.2309 0.795959
32.2431 0.781091
32.2553 0.753668
32.2675 0.719227
32.2797 0.688416
32.2919 0.666861
32.3041 0.671086
32.3163 0.707568
32.3285 0.750645
32.3407 0.775286
32.3529 0.781397
32.3651 0.776456
32.3773 0.775064
32.3896 0.786928
32.4018 0.814999
32.414 0.866327
32.4262 0.95218
32.4384 1.03618
32.4506 1.09078
32.4628 1.10988
32.475 1.11082
32.4872 1.10181
32.4994 1.0807
32.5116 1.05023
32.5238 1.01619
32.536 1.00029
32.5482 1.00015
32.5604 1.00351
32.5726 1.01714
32.5848 1.05484
32.597 1.12308
32.6092 1.16609
32.6214 1.1694
32.6336 1.17867
32.6458 1.12623
32.658 1.00848
32.6702 0.916413
32.6825 0.87238
32.6947 0.845935
32.7069 0.832114
32.7191 0.799078
32.7313 0.741641
32.7435 0.682086
32.7557 0.612784
32.7679 0.55215
32.7801 0.523007
32.7923 0.509954
32.8045 0.507367
32.8167 0.532068
32.8289 0.576415
32.8411 0.611679
32.8533 0.629275
32.8655 0.628328
32.8777 0.624177
32.8899 0.631227
32.9021 0.662538
32.9143 0.72043
32.9265 0.77096
32.9387 0.79983
32.9509 0.835561
32.9631 0.89669
32.9753 0.96075
32.9876 0.990559
32.9998 0.975591
33.012 0.929339
33.0242 0.890494
33.0364 0.865328
33.0486 0.848319
33.0608 0.864956
33.073 0.908226
33.0852 0.919625
33.0974 0.888713
33.1096 0.852066
33.1218 0.832003
33.134 0.814925
33.1462 0.806538
33.1584 0.824036
33.1706 0.838271
33.1828 0.811132
33.195 0.77834
33.2072 0.76049
33.2194 0.733611
33.2316 0.669762
33.2438 0.59865
33.256 0.551066
33.2682 0.52529
33.2804 0.513819
33.2927 0.50339
33.3049 0.49235
33.3171 0.495066
33.3293 0.49393
33.3415 0.480488
33.3537 0.475301
33.3659 0.475694
33.3781 0.475636
33.3903 0.494568
33.4025 0.536409
33.4147 0.584494
33.4269 0.630894
33.4391 0.67794
33.4513 0.736638
33.4635 0.800205
33.4757 0.849205
33.4879 0.868541
33.5001 0.861188
33.5123 0.8227
33.5245 0.790204
33.5367 0.801332
33.5489 0.826456
33.5611 0.831668
33.5733 0.825044
33.5856 0.834915
33.5978 0.841326
33.61 0.835485
33.6222 0.820428
33.6344 0.811574
33.6466 0.820969
33.6588 0.820103
33.671 0.809331
33.6832 0.804474
33.6954 0.804256
33.7076 0.789553
33.7198 0.77227
33.732 0.720022
33.7442 0.646776
33.7564 0.587811
33.7686 0.550705
33.7808 0.528122
33.793 0.505935
33.8052 0.481148
33.8174 0.472835
33.8296 0.486468
33.8418 0.498971
33.854 0.489067
33.8662 0.469569
33.8784 0.465727
33.8907 0.489871
33.9029 0.529886
33.9151 0.564458
33.9273 0.595861
33.9395 0.617784
33.9517 0.642938
33.9639 0.670002
33.9761 0.684353
33.9883 0.682731
34.0005 0.663622
34.0127 0.649927
34.0249 0.660502
34.0371 0.688466
34.0493 0.713275
34.0615 0.727523
34.0737 0.75753
34.0859 0.794406
34.0981 0.796896
34.1103 0.755022
34.1225 0.698011
34.1347 0.654883
34.1469 0.633205
34.1591 0.648201
34.1713 0.688679
34.1835 0.718179
34.1958 0.72712
34.208 0.714316
34.2202 0.681539
34.2324 0.635045
34.2446 0.586943
34.2568 0.553311
34.269 0.533974
34.2812 0.511063
34.2934 0.468018
34.3056 0.429746
34.3178 0.41801
34.33 0.418927
34.3422 0.415119
34.3544 0.402134
34.3666 0.384144
34.3788 0.392423
34.391 0.424578
34.4032 0.44568
34.4154 0.447494
34.4276 0.459037
34.4398 0.488833
34.452 0.527358
34.4642 0.560015
34.4764 0.575755
34.4887 0.59455
34.5009 0.631253
34.5131 0.664925
34.5253 0.663865
34.5375 0.648164
34.5497 0.647713
34.5619 0.667359
34.5741 0.69744
34.5863 0.724059
34.5985 0.721968
34.6107 0.705874
34.6229 0.705286
34.6351 0.709694
34.6473 0.696278
34.6595 0.691689
34.6717 0.711312
34.6839 0.728877
34.6961 0.73414
34.7083 0.730076
34.7205 0.713746
34.7327 0.674094
34.7449 0.619671
34.7571 0.566137
34.7693 0.526216
34.7815 0.501747
34.7938 0.490407
34.806 0.494604
34.8182 0.505063
34.8304 0.496725
34.8426 0.47544
34.8548 0.444817
34.867 0.402826
34.8792 0.360468
34.8914 0.343894
34.9036 0.354939
34.9158 0.384742
34.928 0.420785
34.9402 0.458475
34.9524 0.49883
34.9646 0.52299
34.9768 0.517906
34.989 0.508407
35.0012 0.51081
35.0134 0.543781
35.0256 0.601457
35.0378 0.65132
35.05 0.699454
35.0622 0.739617
35.0744 0.743804
35.0866 0.723241
35.0989 0.700056
35.1111 0.693132
35.1233 0.713468
35.1355 0.755368
35.1477 0.791987
35.1599 0.806685
35.1721 0.814068
35.1843 0.81577
35.1965 0.814002
35.2087 0.825608
35.2209 0.824323
35.2331 0.767027
35.2453 0.702998
35.2575 0.674934
35.2697 0.656113
35.2819 0.629677
35.2941 0.598601
35.3063 0.564725
35.3185 0.523131
35.3307 0.476219
35.3429 0.436044
35.3551 0.393766
35.3673 0.351613
35.3795 0.319937
35.3918 0.299368
35.404 0.293184
35.4162 0.305218
35.4284 0.325153
35.4406 0.346132
35.4528 0.374545
35.465 0.413102
35.4772 0.449926
35.4894 0.481398
35.5016 0.518637
35.5138 0.560589
35.526 0.589615
35.5382 0.593255
35.5504 0.594904
35.5626 0.61934
35.5748 0.666374
35.587 0.734985
35.5992 0.783158
35.6114 0.779692
35.6236 0.773497
35.6358 0.769626
35.648 0.771292
35.6602 0.784702
35.6724 0.813971
35.6846 0.841873
35.6969 0.863188
35.7091 0.870118
35.7213 0.849738
35.7335 0.817081
35.7457 0.785803
35.7579 0.743609
35.7701 0.684551
35.7823 0.624282
35.7945 0.580282
35.8067 0.558226
35.8189 0.542968
35.8311 0.521974
35.8433 0.490525
35.8555 0.45989
35.8677 0.433721
35.8799 0.397591
35.8921 0.356957
35.9043 0.326005
35.9165 0.311777
35.9287 0.313056
35.9409 0.323011
35.9531 0.340214
35.9653 0.365412
35.9775 0.391086
35.9897 0.416003
36.002 0.445929
36.0142 0.483235
36.0264 0.509429
36.0386 0.529491
36.0508 0.563816
36.063 0.603732
36.0752 0.626373
36.0874 0.648786
36.0996 0.697432
36.1118 0.736709
36.124 0.73724
36.1362 0.715541
36.1484 0.704239
36.1606 0.715697
36.1728 0.734209
36.185 0.741994
36.1972 0.748142
36.2094 0.783227
36.2216 0.829491
36.2338 0.817823
36.246 0.781755
36.2582 0.764324
36.2704 0.742618
36.2826 0.713123
36.2948 0.690622
36.3071 0.679803
36.3193 0.669273
36.3315 0.642873
36.3437 0.61027
36.3559 0.575134
36.3681 0.531014
36.3803 0.488269
36.3925 0.456751
36.4047 0.436791
36.4169 0.426714
36.4291 0.413588
36.4413 0.405731
36.4535 0.415491
36.4657 0.45137
36.4779 0.495462
36.4901 0.51703
36.5023 0.523486
36.5145 0.528928
36.5267 0.545777
36.5389 0.569874
36.5511 0.591899
36.5633 0.643265
36.5755 0.73741
36.5877 0.855908
36.6 0.944323
36.6122 0.949573
36.6244 0.898467
36.6366 0.846924
36.6488 0.825633
36.661 0.86672
36.6732 0.951589
36.6854 1.00221
36.6976 0.997538
36.7098 0.971441
36.722 0.958479
36.7342 0.974494
36.7464 0.977228
36.7586 0.952096
36.7708 0.928392
36.783 0.893337
36.7952 0.854611
36.8074 0.845044
36.8196 0.861193
36.8318 0.870803
36.844 0.84727
36.8562 0.811318
36.8684 0.775865
36.8806 0.715392
36.8928 0.621639
36.9051 0.537656
36.9173 0.491171
36.9295 0.473428
36.9417 0.453664
36.9539 0.432824
36.9661 0.437142
36.9783 0.468036
36.9905 0.499121
37.0027 0.522778
37.0149 0.539431
37.0271 0.555146
37.0393 0.572382
37.0515 0.592121
37.0637 0.63688
37.0759 0.706499
37.0881 0.779045
37.1003 0.845525
37.1125 0.895567
37.1247 0.925138
37.1369 0.940895
37.1491 0.951531
37.1613 0.948997
37.1735 0.929681
37.1857 0.920506
37.1979 0.927615
37.2102 0.933863
37.2224 0.953834
37.2346 1.00091
37.2468 1.06548
37.259 1.10023
37.2712 1.06443
37.2834 0.994277
37.2956 0.948317
37.3078 0.931898
37.32 0.920499
37.3322 0.90147
37.3444 0.863828
37.3566 0.822506
37.3688 0.790664
37.381 0.770783
37.3932 0.749184
37.4054 0.698767
37.4176 0.640156
37.4298 0.568665
37.442 0.48815
37.4542 0.432354
37.4664 0.404365
37.4786 0.39612
37.4908 0.401141
37.5031 0.414763
37.5153 0.433207
37.5275 0.454598
37.5397 0.473764
37.5519 0.499023
37.5641 0.550975
37.5763 0.625307
37.5885 0.679024
37.6007 0.711601
37.6129 0.757113
37.6251 0.791024
37.6373 0.803627
37.6495 0.838976
37.6617 0.892701
37.6739 0.917164
37.6861 0.913739
37.6983 0.910122
37.7105 0.930383
37.7227 0.950548
37.7349 0.944783
37.7471 0.931321
37.7593 0.937256
37.7715 0.973146
37.7837 1.01529
37.7959 1.00583
37.8082 0.952454
37.8204 0.906378
37.8326 0.873614
37.8448 0.839333
37.857 0.797157
37.8692 0.738868
37.8814 0.66803
37.8936 0.620447
37.9058 0.605418
37.918 0.590068
37.9302 0.548057
37.9424 0.4914
37.9546 0.437984
37.9668 0.397744
37.979 0.365299
37.9912 0.351446
38.0034 0.362069
38.0156 0.388821
38.0278 0.4045
38.04 0.401377
38.0522 0.404322
38.0644 0.429992
38.0766 0.468387
38.0888 0.49855
38.101 0.530573
38.1133 0.586274
38.1255 0.647617
38.1377 0.690078
38.1499 0.705487
38.1621 0.696325
38.1743 0.675097
38.1865 0.656825
38.1987 0.647236
38.2109 0.683601
38.2231 0.764066
38.2353 0.826939
38.2475 0.837489
38.2597 0.804833
38.2719 0.771282
38.2841 0.761366
38.2963 0.753008
38.3085 0.723289
38.3207 0.69678
38.3329 0.698409
38.3451 0.709705
38.3573 0.700915
38.3695 0.686306
38.3817 0.668374
38.3939 0.659285
38.4062 0.648504
38.4184 0.619333
38.4306 0.557869
38.4428 0.500042
38.455 0.463714
38.4672 0.442274
38.4794 0.438516
38.4916 0.434624
38.5038 0.418967
38.516 0.408608
38.5282 0.412793
38.5404 0.426051
38.5526 0.44515
38.5648 0.4709
38.577 0.509583
38.5892 0.557967
38.6014 0.585665
38.6136 0.577704
38.6258 0.560851
38.638 0.566391
38.6502 0.600107
38.6624 0.655102
38.6746 0.723758
38.6868 0.798139
38.699 0.866532
38.7113 0.901138
38.7235 0.900684
38.7357 0.872842
38.7479 0.843602
38.7601 0.841119
38.7723 0.861762
38.7845 0.874314
38.7967 0.865128
38.8089 0.838854
38.8211 0.816537
38.8333 0.819559
38.8455 0.84452
38.8577 0.901596
38.8699 0.925641
38.8821 0.863088
38.8943 0.770707
38.9065 0.69605
38.9187 0.655615
38.9309 0.64846
38.9431 0.647436
38.9553 0.634868
38.9675 0.612485
38.9797 0.567227
38.9919 0.51022
39.0041 0.447246
39.0164 0.402787
39.0286 0.384928
39.0408 0.384877
39.053 0.391889
39.0652 0.408697
39.0774 0.444593
39.0896 0.476395
39.1018 0.497112
39.114 0.524308
39.1262 0.560446
39.1384 0.592197
39.1506 0.606653
39.1628 0.625801
39.175 0.66315
39.1872 0.697185
39.1994 0.718523
39.2116 0.739979
39.2238 0.778844
39.236 0.839042
39.2482 0.890159
39.2604 0.891533
39.2726 0.863984
39.2848 0.861643
39.297 0.883678
39.3093 0.898137
39.3215 0.911883
39.3337 0.933197
39.3459 0.948712
39.3581 0.93818
39.3703 0.916402
39.3825 0.89297
39.3947 0.856239
39.4069 0.811976
39.4191 0.771614
39.4313 0.724067
39.4435 0.682518
39.4557 0.675802
39.4679 0.685086
39.4801 0.668017
39.4923 0.636993
39.5045 0.605765
39.5167 0.572699
39.5289 0.526073
39.5411 0.463385
39.5533 0.4105
39.5655 0.381441
39.5777 0.372912
39.5899 0.386875
39.6021 0.420868
39.6144 0.467711
39.6266 0.530794
39.6388 0.587202
39.651 0.627344
39.6632 0.664721
39.6754 0.696695
39.6876 0.723232
39.6998 0.756134
39.712 0.78177
39.7242 0.796484
39.7364 0.821219
39.7486 0.873842
39.7608 0.951375
39.773 1.02389
39.7852 1.04163
39.7974 1.02532
39.8096 0.998156
39.8218 0.979991
39.834 0.988477
39.8462 1.01781
39.8584 1.02701
39.8706 0.975434
39.8828 0.886556
39.895 0.82998
39.9072 0.827337
39.9195 0.843891
39.9317 0.834444
39.9439 0.804348
39.9561 0.787754
39.9683 0.778877
39.9805 0.759067
39.9927 0.732732
40.0049 0.682464
40.0171 0.615171
40.0293 0.559857
40.0415 0.527004
40.0537 0.488197
40.0659 0.433049
40.0781 0.392922
40.0903 0.385023
40.1025 0.402833
40.1147 0.437135
40.1269 0.492447
40.1391 0.555668
40.1513 0.590811
40.1635 0.616217
40.1757 0.652619
40.1879 0.676645
40.2001 0.68784
40.2124 0.724054
40.2246 0.777408
40.2368 0.830066
40.249 0.881624
40.2612 0.93823
40.2734 0.971625
40.2856 0.949929
40.2978 0.901276
40.31 0.88856
40.3222 0.920433
40.3344 0.969823
40.3466 1.01369
40.3588 1.03583
40.371 1.07825
40.3832 1.14892
40.3954 1.1654
40.4076 1.09609
40.4198 0.999435
40.432 0.935245
40.4442 0.917205
40.4564 0.920764
40.4686 0.89705
40.4808 0.848702
40.493 0.808319
40.5052 0.789873
40.5175 0.784911
40.5297 0.775648
40.5419 0.723615
40.5541 0.643382
40.5663 0.566475
40.5785 0.497308
40.5907 0.442627
40.6029 0.413266
40.6151 0.417199
40.6273 0.465546
40.6395 0.558509
40.6517 0.668921
40.6639 0.752957
40.6761 0.798802
40.6883 0.829275
40.7005 0.847021
40.7127 0.857407
40.7249 0.870362
40.7371 0.9132
40.7493 0.990862
40.7615 1.04773
40.7737 1.07094
40.7859 1.11089
40.7981 1.13717
40.8103 1.1125
40.8226 1.08406
40.8348 1.0959
40.847 1.12034
40.8592 1.13106
40.8714 1.12049
40.8836 1.08666
40.8958 1.07159
40.908 1.08161
40.9202 1.08804
40.9324 1.08395
40.9446 1.08682
40.9568 1.08497
40.969 1.09671
40.9812 1.14244
40.9934 1.15211
41.0056 1.06888
41.0178 0.975077
41.03 0.899365
41.0422 0.83809
41.0544 0.792322
41.0666 0.736229
41.0788 0.657245
41.091 0.58354
41.1032 0.537483
41.1155 0.509954
41.1277 0.491044
41.1399 0.4761
41.1521 0.477603
41.1643 0.515223
41.1765 0.582432
41.1887 0.644005
41.2009 0.690302
41.2131 0.74169
41.2253 0.792383
41.2375 0.853425
41.2497 0.900389
41.2619 0.927429
41.2741 0.953795
41.2863 0.9984
41.2985 1.05482
41.3107 1.09455
41.3229 1.11629
41.3351 1.13952
41.3473 1.17054
41.3595 1.18326
41.3717 1.18325
41.3839 1.18824
41.3961 1.19262
41.4083 1.18902
41.4206 1.16482
41.4328 1.11751
41.445 1.09482
41.4572 1.1644
41.4694 1.27266
41.4816 1.25649
41.4938 1.14864
41.506 1.07076
41.5182 1.01544
41.5304 0.970433
41.5426 0.931008
41.5548 0.872674
41.567 0.817235
41.5792 0.78479
41.5914 0.718231
41.6036 0.627238
41.6158 0.553468
41.628 0.500805
41.6402 0.462514
41.6524 0.449011
41.6646 0.454935
41.6768 0.471616
41.689 0.497294
41.7012 0.541656
41.7134 0.626901
41.7257 0.741482
41.7379 0.839959
41.7501 0.89654
41.7623 0.911012
41.7745 0.920803
41.7867 0.962823
41.7989 1.02948
41.8111 1.07606
41.8233 1.09063
41.8355 1.10446
41.8477 1.11105
41.8599 1.11024
41.8721 1.10265
41.8843 1.08537
41.8965 1.08619
41.9087 1.128
41.9209 1.16863
41.9331 1.17073
41.9453 1.16527
41.9575 1.15838
41.9697 1.13902
41.9819 1.09794
41.9941 1.03654
42.0063 0.978987
42.0186 0.937311
42.0308 0.92812
42.043 0.924331
42.0552 0.861135
42.0674 0.789679
42.0796 0.746254
42.0918 0.703385
42.104 0.648508
42.1162 0.594709
42.1284 0.541599
42.1406 0.485182
42.1528 0.437601
42.165 0.408602
42.1772 0.398691
42.1894 0.401103
42.2016 0.417975
42.2138 0.453403
42.226 0.509309
42.2382 0.586248
42.2504 0.688052
42.2626 0.802878
42.2748 0.897937
42.287 0.951564
42.2992 0.987143
42.3114 1.02819
42.3237 1.0699
42.3359 1.08356
42.3481 1.10078
42.3603 1.16103
42.3725 1.22115
42.3847 1.24068
42.3969 1.22781
42.4091 1.19436
42.4213 1.17007
42.4335 1.17538
42.4457 1.17897
42.4579 1.17431
42.4701 1.19715
42.4823 1.26568
42.4945 1.32638
42.5067 1.34159
42.5189 1.33319
42.5311 1.28567
42.5433 1.22686
42.5555 1.18309
42.5677 1.15358
42.5799 1.11829
42.5921 1.07652
42.6043 1.01691
42.6165 0.93531
42.6288 0.832228
42.641 0.752224
42.6532 0.694814
42.6654 0.615676
42.6776 0.521689
42.6898 0.459819
42.702 0.44286
42.7142 0.461724
42.7264 0.50428
42.7386 0.560228
42.7508 0.654439
42.763 0.810708
42.7752 0.99687
42.7874 1.15803
42.7996 1.27293
42.8118 1.31054
42.824 1.31844
42.8362 1.3386
42.8484 1.34911
42.8606 1.36862
42.8728 1.39868
42.885 1.44304
42.8972 1.49683
42.9094 1.555
42.9216 1.60977
42.9339 1.61445
42.9461 1.58089
42.9583 1.53461
42.9705 1.48518
42.9827 1.44372
42.9949 1.42664
43.0071 1.44433
43.0193 1.4524
43.0315 1.41368
43.0437 1.38314
43.0559 1.40143
43.0681 1.42445
43.0803 1.41782
43.0925 1.393
43.1047 1.33863
43.1169 1.26709
43.1291 1.20751
43.1413 1.13054
43.1535 1.03067
43.1657 0.92262
43.1779 0.812362
43.1901 0.699559
43.2023 0.60062
43.2145 0.541486
43.2268 0.548832
43.239 0.62106
43.2512 0.741112
43.2634 0.901363
43.2756 1.06437
43.2878 1.19117
43.3 1.30299
43.3122 1.44156
43.3244 1.59764
43.3366 1.70028
43.3488 1.71991
43.361 1.65082
43.3732 1.55146
43.3854 1.53286
43.3976 1.59336
43.4098 1.64742
43.422 1.67875
43.4342 1.65455
43.4464 1.62206
43.4586 1.63299
43.4708 1.66099
43.483 1.66463
43.4952 1.66137
43.5074 1.66485
43.5196 1.68509
43.5319 1.71668
43.5441 1.72533
43.5563 1.6911
43.5685 1.64184
43.5807 1.59061
43.5929 1.55928
43.6051 1.57031
43.6173 1.58955
43.6295 1.58693
43.6417 1.54893
43.6539 1.4881
43.6661 1.41802
43.6783 1.30731
43.6905 1.17507
43.7027 1.02288
43.7149 0.836001
43.7271 0.67134
43.7393 0.62012
43.7515 0.706128
43.7637 0.854562
43.7759 1.00921
43.7881 1.16538
43.8003 1.30256
43.8125 1.40702
43.8247 1.47823
43.837 1.55832
43.8492 1.63409
43.8614 1.67778
43.8736 1.69757
43.8858 1.71248
43.898 1.71287
43.9102 1.72261
43.9224 1.73769
43.9346 1.7211
43.9468 1.69928
43.959 1.73831
43.9712 1.78756
43.9834 1.78046
43.9956 1.76025
44.0078 1.75945
44.02 1.76527
44.0322 1.78997
44.0444 1.81421
44.0566 1.78513
44.0688 1.75061
44.081 1.77444
44.0932 1.82146
44.1054 1.83515
44.1176 1.82824
44.1299 1.82749
44.1421 1.81856
44.1543 1.75313
44.1665 1.66095
44.1787 1.59147
44.1909 1.52513
44.2031 1.44562
44.2153 1.32314
44.2275 1.11868
44.2397 0.87677
44.2519 0.708264
44.2641 0.728375
44.2763 0.911786
44.2885 1.07116
44.3007 1.1476
44.3129 1.22249
44.3251 1.33081
44.3373 1.46519
44.3495 1.59578
44.3617 1.66935
44.3739 1.68586
44.3861 1.72971
44.3983 1.79913
44.4105 1.81566
44.4227 1.79623
44.435 1.80387
44.4472 1.8108
44.4594 1.77747
44.4716 1.76171
44.4838 1.80016
44.496 1.83735
44.5082 1.8314
44.5204 1.82336
44.5326 1.8442
44.5448 1.86665
44.557 1.88108
44.5692 1.89013
44.5814 1.88589
44.5936 1.87771
44.6058 1.87589
44.618 1.8685
44.6302 1.83262
44.6424 1.80496
44.6546 1.81472
44.6668 1.82405
44.679 1.80023
44.6912 1.72842
44.7034 1.62798
44.7156 1.54753
44.7278 1.49648
44.7401 1.39691
44.7523 1.2055
44.7645 0.990447
44.7767 0.869589
44.7889 0.977827
44.8011 1.22148
44.8133 1.46424
44.8255 1.64327
44.8377 1.70057
44.8499 1.69072
44.8621 1.68599
44.8743 1.70262
44.8865 1.73907
44.8987 1.78063
44.9109 1.81093
44.9231 1.83227
44.9353 1.85715
44.9475 1.88708
44.9597 1.89974
44.9719 1.90029
44.9841 1.89445
44.9963 1.88584
45.0085 1.8893
45.0207 1.90224
45.033 1.91169
45.0452 1.91775
45.0574 1.92328
45.0696 1.92452
45.0818 1.90676
45.094 1.87782
45.1062 1.8578
45.1184 1.8605
45.1306 1.89355
45.1428 1.91366
45.155 1.88649
45.1672 1.86014
45.1794 1.8589
45.1916 1.85841
45.2038 1.86015
45.216 1.85891
45.2282 1.83687
45.2404 1.80052
45.2526 1.73681
45.2648 1.62535
45.277 1.44382
45.2892 1.19396
45.3014 1.07305
45.3136 1.21204
45.3258 1.43884
45.3381 1.62029
45.3503 1.73443
45.3625 1.80283
45.3747 1.84029
45.3869 1.86358
45.3991 1.88786
45.4113 1.91851
45.4235 1.94372
45.4357 1.94334
45.4479 1.92664
45.4601 1.91458
45.4723 1.90447
45.4845 1.89389
45.4967 1.87968
45.5089 1.87838
45.5211 1.88533
45.5333 1.88735
45.5455 1.88167
45.5577 1.88324
45.5699 1.89553
45.5821 1.91331
45.5943 1.92717
45.6065 1.92234
45.6187 1.91472
45.6309 1.91233
45.6432 1.91424
45.6554 1.91782
45.6676 1.9207
45.6798 1.91852
45.692 1.90764
45.7042 1.89113
45.7164 1.88016
45.7286 1.87679
45.7408 1.86792
45.753 1.85419
45.7652 1.84875
45.7774 1.84359
45.7896 1.80588
45.8018 1.69443
45.814 1.54501
45.8262 1.58095
45.8384 1.74585
45.8506 1.81591
45.8628 1.86082
45.875 1.89199
45.8872 1.89285
45.8994 1.88457
45.9116 1.88965
45.9238 1.89846
45.9361 1.9071
45.9483 1.92046
45.9605 1.9227
45.9727 1.91371
45.9849 1.9065
45.9971 1.90648
46.0093 1.90951
46.0215 1.91376
46.0337 1.92173
46.0459 1.93141
46.0581 1.93018
46.0703 1.92429
46.0825 1.92095
46.0947 1.91727
46.1069 1.91679
46.1191 1.91736
46.1313 1.91005
46.1435 1.90206
46.1557 1.90929
46.1679 1.92038
46.1801 1.92192
46.1923 1.92215
46.2045 1.92389
46.2167 1.92597
46.2289 1.92609
46.2412 1.92254
46.2534 1.91168
46.2656 1.90416
46.2778 1.90892
46.29 1.90885
46.3022 1.88639
46.3144 1.8412
46.3266 1.77964
46.3388 1.76124
46.351 1.84637
46.3632 1.89271
46.3754 1.89025
46.3876 1.89623
46.3998 1.90525
46.412 1.90597
46.4242 1.907
46.4364 1.9126
46.4486 1.91725
46.4608 1.91766
46.473 1.91988
46.4852 1.9229
46.4974 1.92265
46.5096 1.91799
46.5218 1.91395
46.534 1.91491
46.5463 1.9189
46.5585 1.9203
46.5707 1.91911
46.5829 1.91914
46.5951 1.92216
46.6073 1.9249
46.6195 1.92454
46.6317 1.92017
46.6439 1.91761
46.6561 1.92051
46.6683 1.92247
46.6805 1.9201
46.6927 1.91861
46.7049 1.92062
46.7171 1.91929
46.7293 1.91199
46.7415 1.90734
46.7537 1.91086
46.7659 1.91475
46.7781 1.91517
46.7903 1.9185
46.8025 1.93255
46.8147 1.9419
46.8269 1.92412
46.8392 1.87973
46.8514 1.7992
46.8636 1.76969
46.8758 1.85574
46.888 1.90569
46.9002 1.91875
46.9124 1.91909
46.9246 1.91609
46.9368 1.91616
46.949 1.91781
46.9612 1.91632
46.9734 1.91441
46.9856 1.91707
46.9978 1.92124
47.01 1.9222
47.0222 1.9213
47.0344 1.91966
47.0466 1.9175
47.0588 1.91626
47.071 1.91654
47.0832 1.91948
47.0954 1.9228
47.1076 1.92286
47.1198 1.92089
47.132 1.91818
47.1443 1.91703
47.1565 1.91899
47.1687 1.92064
47.1809 1.92014
47.1931 1.92014
47.2053 1.92082
47.2175 1.92053
47.2297 1.91916
47.2419 1.91902
47.2541 1.9202
47.2663 1.9195
47.2785 1.91689
47.2907 1.91734
47.3029 1.92187
47.3151 1.92452
47.3273 1.92272
47.3395 1.92209
47.3517 1.92409
47.3639 1.92679
47.3761 1.92682
47.3883 1.92989
47.4005 1.93322
47.4127 1.92686
47.4249 1.92018
47.4371 1.92118
47.4494 1.92337
47.4616 1.92139
47.4738 1.91826
47.486 1.91785
47.4982 1.91846
47.5104 1.91857
47.5226 1.9183
47.5348 1.91842
47.547 1.91922
47.5592 1.92032
47.5714 1.92111
47.5836 1.92062
47.5958 1.91972
47.608 1.91981
47.6202 1.92054
47.6324 1.92039
47.6446 1.91967
47.6568 1.91926
47.669 1.91945
47.6812 1.92053
47.6934 1.92133
47.7056 1.92073
47.7178 1.9199
47.73 1.91939
47.7423 1.91894
47.7545 1.91902
47.7667 1.91887
47.7789 1.91809
47.7911 1.91837
47.8033 1.92087
47.8155 1.92267
47.8277 1.92241
47.8399 1.92126
47.8521 1.91817
47.8643 1.91587
47.8765 1.91905
47.8887 1.92929
47.9009 1.9465
47.9131 1.93866
47.9253 1.9173
47.9375 1.91208
47.9497 1.91394
47.9619 1.91587
47.9741 1.91761
47.9863 1.91893
47.9985 1.9201
48.0107 1.9212
48.0229 1.92215
48.0351 1.92206
48.0474 1.92123
48.0596 1.92062
48.0718 1.92018
48.084 1.91984
48.0962 1.91943
48.1084 1.91901
48.1206 1.91875
48.1328 1.9193
48.145 1.92011
48.1572 1.92057
48.1694 1.92069
48.1816 1.92036
48.1938 1.91984
48.206 1.91934
48.2182 1.91915
48.2304 1.91967
48.2426 1.92016
48.2548 1.92014
48.267 1.91993
48.2792 1.91971
48.2914 1.9191
48.3036 1.91822
48.3158 1.91813
48.328 1.91894
48.3402 1.91988
48.3525 1.92117
48.3647 1.92203
48.3769 1.92169
48.3891 1.9209
48.4013 1.91426
48.4135 1.89515
48.4257 1.88654
48.4379 1.90467
48.4501 1.9137
48.4623 1.91761
48.4745 1.9202
48.4867 1.92074
48.4989 1.92039
48.5111 1.91998
48.5233 1.91974
48.5355 1.9201
48.5477 1.92051
48.5599 1.92014
48.5721 1.91961
48.5843 1.91972
48.5965 1.91968
48.6087 1.91877
48.6209 1.9182
48.6331 1.91944
48.6454 1.92127
48.6576 1.92151
48.6698 1.92095
48.682 1.92042
48.6942 1.91985
48.7064 1.91926
48.7186 1.91891
48.7308 1.91914
48.743 1.91955
48.7552 1.9198
48.7674 1.92001
48.7796 1.92026
48.7918 1.92009
48.804 1.91922
48.8162 1.91842
48.8284 1.91789
48.8406 1.9181
48.8528 1.92001
48.865 1.9217
48.8772 1.92089
48.8894 1.92069
48.9016 1.92349
48.9138 1.9274
48.926 1.93081
48.9382 1.93599
48.9505 1.93007
48.9627 1.92461
48.9749 1.92246
48.9871 1.92052
48.9993 1.91928
49.0115 1.91962
49.0237 1.92106
49.0359 1.92172
49.0481 1.92182
49.0603 1.92171
49.0725 1.92097
49.0847 1.91993
49.0969 1.91905
49.1091 1.91916
49.1213 1.91981
49.1335 1.92049
49.1457 1.92096
49.1579 1.92072
49.1701 1.92
49.1823 1.91939
49.1945 1.91888
49.2067 1.91889
49.2189 1.91918
49.2311 1.91971
49.2433 1.92036
49.2556 1.9203
49.2678 1.91982
49.28 1.91957
49.2922 1.91971
49.3044 1.92045
49.3166 1.92116
49.3288 1.92062
49.341 1.91959
49.3532 1.91894
49.3654 1.91862
49.3776 1.9188
49.3898 1.91925
49.402 1.91977
49.4142 1.9196
49.4264 1.91827
49.4386 1.91665
49.4508 1.91758
49.463 1.91607
49.4752 1.91052
49.4874 1.91457
49.4996 1.92098
49.5118 1.92215
49.524 1.92093
49.5362 1.92103
49.5485 1.92173
49.5607 1.92116
49.5729 1.91991
49.5851 1.91896
49.5973 1.91841
49.6095 1.919
49.6217 1.92004
49.6339 1.92013
49.6461 1.9198
49.6583 1.91966
49.6705 1.91964
49.6827 1.91957
49.6949 1.91944
49.7071 1.91956
49.7193 1.91999
49.7315 1.92009
49.7437 1.92007
49.7559 1.91987
49.7681 1.91965
49.7803 1.9195
49.7925 1.91942
49.8047 1.91959
49.8169 1.92
49.8291 1.92048
49.8413 1.92116
49.8536 1.92189
49.8658 1.92251
49.878 1.9218
49.8902 1.9205
49.9024 1.91914
49.9146 1.91748
49.9268 1.91579
49.939 1.91532
49.9512 1.91798
49.9634 1.91853
49.9756 1.91266
49.9878 1.91266
