0.0000000 1.2999694
0.0500501 0.8131653
0.1001001 1.0750887
0.1501502 1.0900494
0.2002002 1.2516291
0.2502503 1.4708909
0.3003003 1.5504250
0.3503504 1.6702546
0.4004004 2.1121698
0.4504505 2.6372030
0.5005005 3.8006863
0.5505506 5.5863953
0.6006006 6.3259054
0.6506507 4.1814351
0.7007007 3.0879575
0.7507508 2.2139016
0.8008008 1.9998056
0.8508509 1.3709892
0.9009009 1.1678369
0.9509510 1.2340991
1.0010010 1.0561247
1.0510511 1.1891584
1.1011011 0.9759973
1.1511512 1.0158678
1.2012012 1.1809405
1.2512513 1.0300963
1.3013013 1.3402132
1.3513514 1.1652757
1.4014014 0.9556972
1.4514515 1.4837602
1.5015015 1.2701758
1.5515516 1.4736382
1.6016016 1.5978646
1.6516517 1.6657274
1.7017017 1.7652532
1.7517518 1.7679624
1.8018018 1.8097957
1.8518519 1.8578998
1.9019019 1.8611961
1.9519520 1.6589324
2.0020020 2.0406650
2.0520521 1.9944442
2.1021021 1.6762454
2.1521522 1.6477628
2.2022022 2.0821375
2.2522523 2.1154577
2.3023023 1.9147469
2.3523524 2.0859315
2.4024024 2.3998713
2.4524525 2.6782969
2.5025025 3.2550533
2.5525526 3.3506519
2.6026026 3.8896315
2.6526527 3.6904244
2.7027027 2.9687957
2.7527528 2.9446635
2.8028028 2.2836950
2.8528529 2.1485434
2.9029029 1.8837617
2.9529530 1.4606014
3.0030030 1.6377674
3.0530531 1.1743404
3.1031031 1.1535471
3.1531532 1.2822903
3.2032032 1.3207806
3.2532533 1.1921915
3.3033033 1.3607832
3.3533534 1.1583176
3.4034034 1.5191025
3.4534535 1.4085733
3.5035035 1.5998378
3.5535536 1.7603793
3.6036036 1.8162277
3.6536537 2.1645741
3.7037037 2.1160698
3.7537538 2.5925589
3.8038038 2.6414384
3.8538539 2.5504889
3.9039039 2.3992678
3.9539540 2.0022523
4.0040040 1.5030698
4.0540541 1.4571796
4.1041041 1.5640083
4.1541542 1.2675555
4.2042042 1.3606417
4.2542543 0.8752561
4.3043043 1.1530356
4.3543544 1.1121595
4.4044044 0.9059753
4.4544545 1.0915698
4.5045045 0.7930815
4.5545546 1.2034956
4.6046046 0.9018813
4.6546547 0.9215422
4.7047047 0.8818706
4.7547548 1.0888140
4.8048048 0.9448459
4.8548549 1.0520643
4.9049049 0.8515194
4.9549550 1.1657991
5.0050050 0.8765811
5.0550551 1.0257760
5.1051051 1.2987999
5.1551552 1.4592844
5.2052052 1.5188953
5.2552553 1.3808733
5.3053053 1.6300568
5.3553554 1.9035268
5.4054054 1.8825473
5.4554555 2.3925844
5.5055055 2.5412829
5.5555556 2.4837330
5.6056056 2.2142669
5.6556557 2.5644893
5.7057057 2.3937818
5.7557558 2.1240228
5.8058058 2.2098420
5.8558559 2.0581575
5.9059059 2.1056496
5.9559560 1.7639216
6.0060060 1.7316159
6.0560561 1.7963403
6.1061061 1.6474360
6.1561562 1.7021890
6.2062062 1.7193198
6.2562563 1.5714509
6.3063063 1.7539830
6.3563564 1.5670325
6.4064064 1.4382959
6.4564565 1.5689928
6.5065065 1.5444530
6.5565566 1.6277408
6.6066066 1.6836129
6.6566567 1.7282274
6.7067067 1.5836753
6.7567568 1.6099754
6.8068068 1.5427392
6.8568569 1.5541975
6.9069069 1.5418548
6.9569570 1.7353383
7.0070070 1.8291943
7.0570571 1.3926452
7.1071071 1.5196903
7.1571572 1.7148295
7.2072072 1.4834044
7.2572573 1.4170649
7.3073073 1.4682188
7.3573574 1.3240359
7.4074074 1.1632012
7.4574575 1.1479981
7.5075075 0.9647972
7.5575576 0.8789431
7.6076076 0.9771490
7.6576577 0.7361770
7.7077077 0.8208905
7.7577578 0.6997617
7.8078078 0.8036414
7.8578579 0.5675899
7.9079079 0.8372515
7.9579580 0.6134012
8.0080080 0.6591147
8.0580581 0.6933809
8.1081081 0.9349009
8.1581582 0.8915884
8.2082082 0.9138711
8.2582583 0.6838251
8.3083083 0.4528789
8.3583584 0.7542620
8.4084084 0.8565896
8.4584585 1.0902489
8.5085085 0.9416878
8.5585586 1.1891709
8.6086086 1.2435329
8.6586587 1.5014771
8.7087087 1.2562704
8.7587588 1.4459829
8.8088088 1.3576259
8.8588589 1.2953863
8.9089089 1.3029006
8.9589590 1.1877988
9.0090090 1.2844294
9.0590591 0.9710559
9.1091091 0.7937883
9.1591592 1.1656353
9.2092092 0.8105945
9.2592593 1.0329076
9.3093093 0.7847105
9.3593594 0.9943108
9.4094094 0.7784201
9.4594595 1.1279603
9.5095095 0.9213431
9.5595596 1.0874838
9.6096096 1.3643125
9.6596597 0.9252053
9.7097097 1.4610002
9.7597598 1.1286689
9.8098098 1.3293789
9.8598599 1.1796521
9.9099099 1.4382918
9.9599600 1.1434416
10.0100100 1.1936423
10.0600601 1.2827587
10.1101101 1.2333997
10.1601602 1.2611976
10.2102102 1.0989780
10.2602603 1.2478573
10.3103103 1.1898419
10.3603604 1.2222415
10.4104104 1.1118308
10.4604605 1.2198992
10.5105105 0.8454095
10.5605606 1.0308076
10.6106106 1.0917015
10.6606607 1.0038634
10.7107107 0.9989292
10.7607608 1.1687977
10.8108108 0.9163825
10.8608609 0.9598869
10.9109109 0.8713450
10.9609610 0.7883708
11.0110110 0.5807814
11.0610611 0.6530228
11.1111111 0.5953928
11.1611612 0.7031080
11.2112112 0.7559906
11.2612613 0.3801264
11.3113113 0.6056600
11.3613614 0.5313421
11.4114114 0.7076370
11.4614615 0.3189197
11.5115115 0.8293976
11.5615616 0.8518659
11.6116116 0.8383355
11.6616617 0.8628196
11.7117117 0.6177875
11.7617618 0.8029554
11.8118118 0.6996290
11.8618619 1.0007987
11.9119119 0.9183676
11.9619620 1.1612966
12.0120120 0.8536882
12.0620621 0.8726062
12.1121121 0.7881215
12.1621622 0.9408900
12.2122122 0.6694189
12.2622623 0.8303252
12.3123123 0.8584546
12.3623624 0.4598258
12.4124124 0.7007304
12.4624625 0.5178188
12.5125125 0.6951415
12.5625626 0.5912514
12.6126126 0.6698962
12.6626627 0.5359787
12.7127127 0.8181971
12.7627628 0.4819431
12.8128128 0.6736329
12.8628629 0.7840767
12.9129129 0.7026247
12.9629630 0.8309118
13.0130130 0.7341285
13.0630631 0.7051782
13.1131131 0.9479530
13.1631632 0.9044762
13.2132132 0.8581252
13.2632633 0.9324313
13.3133133 1.0307791
13.3633634 0.7445697
13.4134134 0.7757726
13.4634635 0.8992228
13.5135135 0.7911972
13.5635636 0.5902714
13.6136136 1.0467215
13.6636637 0.8155729
13.7137137 0.9765261
13.7637638 0.7277858
13.8138138 0.7077073
13.8638639 1.0307033
13.9139139 0.8295057
13.9639640 0.7326405
14.0140140 1.0416626
14.0640641 1.0071354
14.1141141 0.8009555
14.1641642 0.9783830
14.2142142 0.9202899
14.2642643 0.8774379
14.3143143 0.9205483
14.3643644 0.9010203
14.4144144 0.8058987
14.4644645 0.7481288
14.5145145 0.8055706
14.5645646 0.6861821
14.6146146 0.8619945
14.6646647 0.7314723
14.7147147 0.7735763
14.7647648 0.8759549
14.8148148 0.9663842
14.8648649 0.8335780
14.9149149 0.9455116
14.9649650 0.8547002
15.0150150 0.7712058
15.0650651 1.0020574
15.1151151 0.7877762
15.1651652 0.9042617
15.2152152 0.8085739
15.2652653 0.6175888
15.3153153 0.8475324
15.3653654 0.6579265
15.4154154 0.7382707
15.4654655 0.8489401
15.5155155 0.8092588
15.5655656 0.7794402
15.6156156 0.4846080
15.6656657 0.7285428
15.7157157 0.4905100
15.7657658 0.7418994
15.8158158 0.4649706
15.8658659 0.3477910
15.9159159 0.4712075
15.9659660 0.6292516
16.0160160 0.5033299
16.0660661 0.6060525
16.1161161 0.6823989
16.1661662 0.5477602
16.2162162 0.5888696
16.2662663 0.6465851
16.3163163 0.5472752
16.3663664 0.5415243
16.4164164 0.4078233
16.4664665 0.6468682
16.5165165 0.5783032
16.5665666 0.5564656
16.6166166 0.7589100
16.6666667 0.5324778
16.7167167 0.7245424
16.7667668 0.5735748
16.8168168 0.5052738
16.8668669 0.5427730
16.9169169 0.9620914
16.9669670 0.4953438
17.0170170 0.7069673
17.0670671 0.4342150
17.1171171 0.6111849
17.1671672 0.7248446
17.2172172 0.4773343
17.2672673 0.3767867
17.3173173 0.2501520
17.3673674 0.5376321
17.4174174 0.5269181
17.4674675 0.6063102
17.5175175 0.4628058
17.5675676 0.4934647
17.6176176 0.6927988
17.6676677 0.5404500
17.7177177 0.6319388
17.7677678 0.7867495
17.8178178 0.7105331
17.8678679 0.6090256
17.9179179 0.8923029
17.9679680 0.8250010
18.0180180 0.6602881
18.0680681 0.9254133
18.1181181 0.6855321
18.1681682 0.8212469
18.2182182 0.6709205
18.2682683 0.6592079
18.3183183 0.8181789
18.3683684 0.7841122
18.4184184 0.6681358
18.4684685 0.6801500
18.5185185 0.6220186
18.5685686 0.7343652
18.6186186 0.6956229
18.6686687 0.4776221
18.7187187 0.6661625
18.7687688 0.6872670
18.8188188 0.3745704
18.8688689 0.6437366
18.9189189 0.5984866
18.9689690 0.6871831
19.0190190 0.6569397
19.0690691 0.6854207
19.1191191 0.2819426
19.1691692 0.6024772
19.2192192 0.5558872
19.2692693 0.6429035
19.3193193 0.4632313
19.3693694 0.3320794
19.4194194 0.4616471
19.4694695 0.3236668
19.5195195 0.3845673
19.5695696 0.4536464
19.6196196 0.3863440
19.6696697 0.6296008
19.7197197 0.7594521
19.7697698 0.3561237
19.8198198 0.5816812
19.8698699 0.3651201
19.9199199 0.3031089
19.9699700 0.4229221
20.0200200 0.1649923
20.0700701 0.6304075
20.1201201 0.3455666
20.1701702 0.2247201
20.2202202 0.5317692
20.2702703 0.4428065
20.3203203 0.5160198
20.3703704 0.2927347
20.4204204 0.3202214
20.4704705 0.1794650
20.5205205 0.5508247
20.5705706 0.3841524
20.6206206 0.4152537
20.6706707 0.3118652
20.7207207 0.2881612
20.7707708 0.1221109
20.8208208 0.4314884
20.8708709 0.3110198
20.9209209 0.5885094
20.9709710 0.5149376
21.0210210 0.3746493
21.0710711 0.8488252
21.1211211 0.2695191
21.1711712 0.6100142
21.2212212 0.4073150
21.2712713 0.2621539
21.3213213 0.3254550
21.3713714 0.3389012
21.4214214 0.2370892
21.4714715 0.4535307
21.5215215 0.6432962
21.5715716 0.4229518
21.6216216 0.5048159
21.6716717 0.3291803
21.7217217 0.3485897
21.7717718 0.2556216
21.8218218 0.5493044
21.8718719 0.4973924
21.9219219 0.3769182
21.9719720 0.3474623
22.0220220 0.5717588
22.0720721 0.5263308
22.1221221 0.5530812
22.1721722 0.6374976
22.2222222 0.5485901
22.2722723 0.6539714
22.3223223 0.3377843
22.3723724 0.4128389
22.4224224 0.4510608
22.4724725 0.5481841
22.5225225 0.4928465
22.5725726 0.7789842
22.6226226 0.6987329
22.6726727 0.4857277
22.7227227 0.3368431
22.7727728 0.3369825
22.8228228 0.3803288
22.8728729 0.3598522
22.9229229 0.3440019
22.9729730 0.2493045
23.0230230 0.1417982
23.0730731 0.3587474
23.1231231 0.2572477
23.1731732 0.3649209
23.2232232 0.5862830
23.2732733 0.3580828
23.3233233 0.3888983
23.3733734 0.2368042
23.4234234 0.4178923
23.4734735 0.4325518
23.5235235 0.4338525
23.5735736 0.4591647
23.6236236 0.1797007
23.6736737 0.4080175
23.7237237 0.5588781
23.7737738 0.4722149
23.8238238 0.2711073
23.8738739 0.3133991
23.9239239 0.4587175
23.9739740 0.2287760
24.0240240 0.4864675
24.0740741 0.1912645
24.1241241 0.1831785
24.1741742 0.4401830
24.2242242 0.1585075
24.2742743 0.1679959
24.3243243 0.2383785
24.3743744 0.3679171
24.4244244 0.4703958
24.4744745 0.4026822
24.5245245 0.5793624
24.5745746 0.1819792
24.6246246 0.5418925
24.6746747 0.0692682
24.7247247 0.4499141
24.7747748 0.3633993
24.8248248 0.2458320
24.8748749 0.5756737
24.9249249 0.1600325
24.9749750 0.5253647
25.0250250 0.4475570
25.0750751 0.3393453
25.1251251 0.4952452
25.1751752 0.3432231
25.2252252 0.4503508
25.2752753 0.4995897
25.3253253 0.3574026
25.3753754 0.3632825
25.4254254 0.4271632
25.4754755 0.4226035
25.5255255 0.2204919
25.5755756 0.2825189
25.6256256 0.4570851
25.6756757 0.3858427
25.7257257 0.1918434
25.7757758 0.2832805
25.8258258 0.4361186
25.8758759 0.3168027
25.9259259 0.7284552
25.9759760 0.5304689
26.0260260 0.2224356
26.0760761 0.3049689
26.1261261 0.3773393
26.1761762 0.1903912
26.2262262 0.4169734
26.2762763 0.4692361
26.3263263 0.5233954
26.3763764 0.3800657
26.4264264 0.4131668
26.4764765 0.4769474
26.5265265 0.6179890
26.5765766 0.3736679
26.6266266 0.5307651
26.6766767 0.4951327
26.7267267 0.5846130
26.7767768 0.2772714
26.8268268 0.3586977
26.8768769 0.4113400
26.9269269 0.5242516
26.9769770 0.1729725
27.0270270 0.2654595
27.0770771 0.5735518
27.1271271 0.1900002
27.1771772 0.3848533
27.2272272 0.4381358
27.2772773 0.5764210
27.3273273 0.2980677
27.3773774 0.3530418
27.4274274 0.5929631
27.4774775 0.3180150
27.5275275 0.4961935
27.5775776 0.5491046
27.6276276 0.4284094
27.6776777 0.2920190
27.7277277 0.3042413
27.7777778 0.4132947
27.8278278 0.2616245
27.8778779 0.3116042
27.9279279 0.4323877
27.9779780 0.5154625
28.0280280 0.4035747
28.0780781 0.3384731
28.1281281 0.3212631
28.1781782 0.2983856
28.2282282 -0.0285415
28.2782783 0.3082431
28.3283283 0.2918607
28.3783784 0.2776026
28.4284284 0.1470538
28.4784785 0.1002538
28.5285285 0.1760579
28.5785786 0.1780418
28.6286286 0.3219441
28.6786787 0.1633795
28.7287287 0.2344389
28.7787788 0.2007807
28.8288288 0.1643833
28.8788789 0.0398501
28.9289289 0.2570190
28.9789790 0.1936110
29.0290290 0.2856887
29.0790791 0.2142241
29.1291291 0.2515170
29.1791792 0.1583295
29.2292292 0.4382742
29.2792793 0.1646495
29.3293293 0.2070976
29.3793794 0.1708208
29.4294294 0.3355933
29.4794795 0.1594671
29.5295295 0.3393708
29.5795796 0.2717414
29.6296296 0.4707084
29.6796797 0.1015255
29.7297297 0.1245017
29.7797798 0.3587519
29.8298298 0.4263342
29.8798799 0.2253838
29.9299299 0.5681279
29.9799800 0.3518670
30.0300300 0.2618005
30.0800801 0.5180954
30.1301301 0.3349301
30.1801802 0.3586866
30.2302302 0.4860092
30.2802803 0.2042848
30.3303303 0.4830179
30.3803804 0.4532530
30.4304304 0.2439180
30.4804805 0.3978182
30.5305305 0.2607752
30.5805806 0.3899033
30.6306306 0.3161174
30.6806807 0.2207808
30.7307307 0.3784857
30.7807808 0.2321321
30.8308308 0.0092641
30.8808809 0.4528814
30.9309309 0.2476150
30.9809810 0.2674819
31.0310310 0.3819761
31.0810811 0.4514637
31.1311311 0.0643935
31.1811812 0.4121127
31.2312312 0.3709464
31.2812813 0.1052851
31.3313313 0.3056837
31.3813814 0.1438663
31.4314314 0.4461395
31.4814815 0.3323599
31.5315315 0.3673666
31.5815816 0.2599804
31.6316316 0.0846909
31.6816817 0.2940675
31.7317317 0.1534106
31.7817818 0.1170812
31.8318318 0.0411271
31.8818819 0.3222802
31.9319319 -0.0037222
31.9819820 0.1337934
32.0320320 0.2006628
32.0820821 0.1666089
32.1321321 -0.1151552
32.1821822 0.3253373
32.2322322 -0.0355403
32.2822823 0.2478833
32.3323323 0.0255035
32.3823824 0.1010890
32.4324324 0.3602285
32.4824825 0.3050958
32.5325325 0.2687742
32.5825826 0.0398598
32.6326326 0.1422066
32.6826827 0.1730485
32.7327327 0.3020343
32.7827828 0.4134398
32.8328328 0.1403085
32.8828829 -0.0299958
32.9329329 0.0642311
32.9829830 0.1809703
33.0330330 0.3720217
33.0830831 0.2380779
33.1331331 0.1086221
33.1831832 -0.0021919
33.2332332 0.1330048
33.2832833 0.1345354
33.3333333 0.2907388
33.3833834 -0.0226808
33.4334334 0.1638547
33.4834835 0.1598707
33.5335335 -0.0448989
33.5835836 0.2009156
33.6336336 0.1616272
33.6836837 0.0791799
33.7337337 0.2036615
33.7837838 0.4056262
33.8338338 0.2013504
33.8838839 0.1322649
33.9339339 0.1291709
33.9839840 0.1925747
34.0340340 0.2754087
34.0840841 0.0686318
34.1341341 0.2623976
34.1841842 0.2448429
34.2342342 0.0974021
34.2842843 0.2423065
34.3343343 -0.0150863
34.3843844 0.1965287
34.4344344 0.2457689
34.4844845 0.2639242
34.5345345 0.4310801
34.5845846 0.0397309
34.6346346 0.3697900
34.6846847 0.2129304
34.7347347 0.2865736
34.7847848 0.0512497
34.8348348 0.1420275
34.8848849 0.1433472
34.9349349 0.1899273
34.9849850 0.3705251
35.0350350 0.2476670
35.0850851 0.3498021
35.1351351 0.1788006
35.1851852 0.0686856
35.2352352 0.2300939
35.2852853 0.1909875
35.3353353 -0.0293771
35.3853854 0.1195557
35.4354354 0.0605524
35.4854855 0.1469328
35.5355355 0.0246608
35.5855856 0.3736264
35.6356356 0.1680356
35.6856857 0.2683570
35.7357357 0.1450203
35.7857858 0.0808742
35.8358358 0.2361568
35.8858859 0.2813731
35.9359359 0.2249204
35.9859860 -0.0243235
36.0360360 0.1412171
36.0860861 0.1896102
36.1361361 -0.0884257
36.1861862 0.1103520
36.2362362 0.2488912
36.2862863 0.2310847
36.3363363 0.2989683
36.3863864 0.2058444
36.4364364 -0.0399666
36.4864865 0.2857105
36.5365365 0.0396815
36.5865866 0.1729961
36.6366366 0.0826322
36.6866867 0.1706975
36.7367367 0.0804064
36.7867868 0.2828269
36.8368368 0.0681248
36.8868869 0.3113485
36.9369369 0.1579424
36.9869870 0.0230328
37.0370370 0.0359315
37.0870871 0.0880553
37.1371371 0.3628421
37.1871872 -0.2806350
37.2372372 0.2332512
37.2872873 0.2078946
37.3373373 0.3647070
37.3873874 -0.0243728
37.4374374 0.2430124
37.4874875 0.1330384
37.5375375 0.1095925
37.5875876 0.2989885
37.6376376 0.0087647
37.6876877 -0.1043516
37.7377377 0.1229448
37.7877878 0.2654864
37.8378378 0.0474282
37.8878879 0.1201425
37.9379379 0.1122348
37.9879880 0.2336498
38.0380380 0.1102636
38.0880881 0.3248870
38.1381381 -0.0256806
38.1881882 0.1812804
38.2382382 -0.1152140
38.2882883 0.1114687
38.3383383 -0.1177378
38.3883884 0.2542001
38.4384384 0.1262938
38.4884885 0.2179629
38.5385385 0.0687822
38.5885886 0.2508926
38.6386386 0.2749676
38.6886887 0.1847226
38.7387387 0.1819445
38.7887888 0.2971818
38.8388388 0.3071454
38.8888889 0.0784786
38.9389389 0.1272061
38.9889890 0.3135554
39.0390390 0.2643743
39.0890891 0.2427963
39.1391391 -0.0929139
39.1891892 0.0710289
39.2392392 0.4723062
39.2892893 0.0393883
39.3393393 0.2121039
39.3893894 0.1638998
39.4394394 0.1043665
39.4894895 0.2083593
39.5395395 0.2466074
39.5895896 0.2713569
39.6396396 0.2509736
39.6896897 0.1382902
39.7397397 -0.0417156
39.7897898 0.1193603
39.8398398 0.2524790
39.8898899 0.2407524
39.9399399 0.3315169
39.9899900 0.0961493
40.0400400 0.0022620
40.0900901 0.0764572
40.1401401 0.1032854
40.1901902 0.2536525
40.2402402 0.1224203
40.2902903 0.1357447
40.3403403 -0.0017808
40.3903904 -0.0518008
40.4404404 0.0027221
40.4904905 0.1757174
40.5405405 0.2431846
40.5905906 0.0678348
40.6406406 0.1458770
40.6906907 0.0863056
40.7407407 0.2861451
40.7907908 0.0277432
40.8408408 0.1463768
40.8908909 0.1197157
40.9409409 0.2821294
40.9909910 0.2577115
41.0410410 0.0503367
41.0910911 0.0615722
41.1411411 -0.0723979
41.1911912 0.0906876
41.2412412 -0.0246261
41.2912913 0.1241985
41.3413413 0.0006702
41.3913914 -0.0860793
41.4414414 -0.1602070
41.4914915 0.1085003
41.5415415 0.1683972
41.5915916 -0.0079925
41.6416416 0.0125861
41.6916917 -0.1005670
41.7417417 0.2721356
41.7917918 0.3339438
41.8418418 0.2559165
41.8918919 0.1556551
41.9419419 0.2934399
41.9919920 0.3340476
42.0420420 0.1596528
42.0920921 0.0846787
42.1421421 0.0687964
42.1921922 0.1739246
42.2422422 0.2292733
42.2922923 0.1750093
42.3423423 0.1083540
42.3923924 0.0925149
42.4424424 0.1384334
42.4924925 0.1803350
42.5425425 0.2482307
42.5925926 0.2457956
42.6426426 0.2086186
42.6926927 0.0593365
42.7427427 0.1325105
42.7927928 0.2453778
42.8428428 0.2617030
42.8928929 -0.0000945
42.9429429 0.3487711
42.9929930 0.0552747
43.0430430 0.1549453
43.0930931 -0.0321487
43.1431431 0.1354025
43.1931932 0.2532480
43.2432432 -0.0924320
43.2932933 0.1688157
43.3433433 0.1429591
43.3933934 0.1689648
43.4434434 -0.0800681
43.4934935 0.0158579
43.5435435 0.0768910
43.5935936 0.0017452
43.6436436 0.1674103
43.6936937 0.0647442
43.7437437 0.1138440
43.7937938 -0.0638343
43.8438438 0.1900967
43.8938939 -0.1048699
43.9439439 0.1080655
43.9939940 0.0034903
44.0440440 -0.2888935
44.0940941 0.1711445
44.1441441 0.2464919
44.1941942 0.2008216
44.2442442 0.0649938
44.2942943 0.0156991
44.3443443 -0.0124140
44.3943944 -0.0029051
44.4444444 -0.0001101
44.4944945 0.0316222
44.5445445 0.2019789
44.5945946 0.0694105
44.6446446 0.0258670
44.6946947 0.0876249
44.7447447 0.2536572
44.7947948 0.1774283
44.8448448 -0.0675674
44.8948949 0.1337097
44.9449449 -0.0797999
44.9949950 0.0102390
45.0450450 0.0959995
45.0950951 0.1726813
45.1451451 0.1257842
45.1951952 -0.0677965
45.2452452 0.0137885
45.2952953 -0.1194191
45.3453453 0.0075069
45.3953954 -0.0940302
45.4454454 0.1118920
45.4954955 0.0085707
45.5455455 0.3105712
45.5955956 0.1484261
45.6456456 -0.1393197
45.6956957 -0.0146658
45.7457457 0.2824215
45.7957958 -0.1959288
45.8458458 -0.0266556
45.8958959 -0.1146477
45.9459459 0.2571715
45.9959960 0.2012677
46.0460460 0.3101060
46.0960961 -0.0263158
46.1461461 0.1610168
46.1961962 0.0557488
46.2462462 0.3277795
46.2962963 -0.0003500
46.3463463 0.2757131
46.3963964 0.0007401
46.4464464 0.2294615
46.4964965 0.0156412
46.5465465 -0.0438957
46.5965966 0.1437179
46.6466466 -0.1044831
46.6966967 0.0098190
46.7467467 0.0457498
46.7967968 0.3120879
46.8468468 0.0225517
46.8968969 0.0432996
46.9469469 0.2281248
46.9969970 0.0928288
47.0470470 0.2533675
47.0970971 -0.0576031
47.1471471 0.1777007
47.1971972 0.2456207
47.2472472 0.3280153
47.2972973 0.1920175
47.3473473 0.0004854
47.3973974 0.0346800
47.4474474 0.1106429
47.4974975 0.2790696
47.5475475 0.0274547
47.5975976 0.0251049
47.6476476 -0.0259478
47.6976977 0.2442733
47.7477477 0.0892547
47.7977978 0.0597800
47.8478478 0.0332752
47.8978979 0.1239422
47.9479479 0.0032127
47.9979980 0.1177645
48.0480480 0.1719479
48.0980981 0.1491483
48.1481481 0.0267873
48.1981982 0.1797210
48.2482482 0.0077499
48.2982983 0.0199928
48.3483483 -0.1763392
48.3983984 0.2440721
48.4484484 0.0050282
48.4984985 -0.1182095
48.5485485 0.1855351
48.5985986 0.1730706
48.6486486 0.1881222
48.6986987 0.1687556
48.7487487 0.1011531
48.7987988 0.1967938
48.8488488 0.1234706
48.8988989 -0.1350525
48.9489489 0.5000735
48.9989990 0.0661489
49.0490490 0.0717361
49.0990991 -0.0094671
49.1491491 0.2093610
49.1991992 0.1652474
49.2492492 0.3036200
49.2992993 -0.0073003
49.3493493 -0.0831740
49.3993994 -0.0203597
49.4494494 0.1675030
49.4994995 0.1228232
49.5495495 0.0531588
49.5995996 0.1178090
49.6496496 0.0209625
49.6996997 0.0099157
49.7497497 -0.0313262
49.7997998 0.0763042
49.8498498 0.0929533
49.8998999 0.2125645
49.9499499 0.1296010
50.0000000 0.0920999
